-6.78161000000000d+00
0.00000000000000d+00
0.00000000000000d+00
0.00000000000000d+00
0.00000000000000d+00
0.00000000000000d+00
0.00000000000000d+00
-2.01456000000000d+01
0.00000000000000d+00
0.00000000000000d+00
0.00000000000000d+00
0.00000000000000d+00
0.00000000000000d+00
0.00000000000000d+00
-3.24620000000000d+01
-2.13380000000000d-01
-8.21581000000000d-01
1.11241000000000d+01
-5.77338000000000d-01
2.90471000000000d-02
-2.62705000000000d-01
-2.77346000000000d+00
0.00000000000000d+00
0.00000000000000d+00
0.00000000000000d+00
0.00000000000000d+00
0.00000000000000d+00
0.00000000000000d+00
-3.21142000000000d+00
0.00000000000000d+00
0.00000000000000d+00
0.00000000000000d+00
0.00000000000000d+00
0.00000000000000d+00
0.00000000000000d+00
-1.12633000000000d+01
0.00000000000000d+00
0.00000000000000d+00
0.00000000000000d+00
0.00000000000000d+00
0.00000000000000d+00
0.00000000000000d+00
-2.79132000000000d+00
0.00000000000000d+00
0.00000000000000d+00
0.00000000000000d+00
0.00000000000000d+00
0.00000000000000d+00
0.00000000000000d+00
-4.62175000000000d+00
-2.64931000000000d+00
0.00000000000000d+00
-2.59780000000000d-02
-2.91284000000000d-02
3.89774000000000d-03
0.00000000000000d+00
-5.26435000000000d+00
0.00000000000000d+00
0.00000000000000d+00
0.00000000000000d+00
0.00000000000000d+00
0.00000000000000d+00
0.00000000000000d+00
-1.78962000000000d+00
0.00000000000000d+00
0.00000000000000d+00
0.00000000000000d+00
0.00000000000000d+00
0.00000000000000d+00
0.00000000000000d+00
-5.37715000000000d+00
0.00000000000000d+00
0.00000000000000d+00
0.00000000000000d+00
0.00000000000000d+00
0.00000000000000d+00
0.00000000000000d+00
-1.43890000000000d+01
0.00000000000000d+00
0.00000000000000d+00
0.00000000000000d+00
0.00000000000000d+00
0.00000000000000d+00
0.00000000000000d+00
-1.31042000000000d+00
0.00000000000000d+00
0.00000000000000d+00
0.00000000000000d+00
0.00000000000000d+00
0.00000000000000d+00
0.00000000000000d+00
-3.02680000000000d+01
0.00000000000000d+00
0.00000000000000d+00
0.00000000000000d+00
0.00000000000000d+00
0.00000000000000d+00
0.00000000000000d+00
-1.52906000000000d+01
0.00000000000000d+00
0.00000000000000d+00
0.00000000000000d+00
0.00000000000000d+00
0.00000000000000d+00
0.00000000000000d+00
-3.86925000000000d+01
0.00000000000000d+00
0.00000000000000d+00
0.00000000000000d+00
0.00000000000000d+00
0.00000000000000d+00
0.00000000000000d+00
-2.91669000000000d+01
0.00000000000000d+00
0.00000000000000d+00
0.00000000000000d+00
0.00000000000000d+00
0.00000000000000d+00
0.00000000000000d+00
-9.91333000000000d+00
0.00000000000000d+00
0.00000000000000d+00
0.00000000000000d+00
0.00000000000000d+00
0.00000000000000d+00
0.00000000000000d+00
-9.93453000000000d+00
0.00000000000000d+00
0.00000000000000d+00
0.00000000000000d+00
0.00000000000000d+00
0.00000000000000d+00
0.00000000000000d+00
-2.17264000000000d+01
0.00000000000000d+00
0.00000000000000d+00
0.00000000000000d+00
0.00000000000000d+00
0.00000000000000d+00
0.00000000000000d+00
-9.68121000000000d+00
0.00000000000000d+00
0.00000000000000d+00
0.00000000000000d+00
0.00000000000000d+00
0.00000000000000d+00
0.00000000000000d+00
-7.94721000000000d+00
0.00000000000000d+00
0.00000000000000d+00
0.00000000000000d+00
0.00000000000000d+00
0.00000000000000d+00
0.00000000000000d+00
-1.45041000000000d+01
0.00000000000000d+00
0.00000000000000d+00
0.00000000000000d+00
0.00000000000000d+00
0.00000000000000d+00
0.00000000000000d+00
-1.16258000000000d+01
0.00000000000000d+00
0.00000000000000d+00
0.00000000000000d+00
0.00000000000000d+00
0.00000000000000d+00
0.00000000000000d+00
-8.20643000000000d+00
0.00000000000000d+00
0.00000000000000d+00
0.00000000000000d+00
0.00000000000000d+00
0.00000000000000d+00
0.00000000000000d+00
-8.29312000000000d+00
0.00000000000000d+00
0.00000000000000d+00
0.00000000000000d+00
0.00000000000000d+00
0.00000000000000d+00
0.00000000000000d+00
-1.34543000000000d+01
0.00000000000000d+00
0.00000000000000d+00
0.00000000000000d+00
0.00000000000000d+00
0.00000000000000d+00
0.00000000000000d+00
-3.02287000000000d+01
0.00000000000000d+00
0.00000000000000d+00
0.00000000000000d+00
0.00000000000000d+00
0.00000000000000d+00
0.00000000000000d+00
-1.06688000000000d+01
0.00000000000000d+00
0.00000000000000d+00
0.00000000000000d+00
0.00000000000000d+00
0.00000000000000d+00
0.00000000000000d+00
-6.60288000000000d+00
0.00000000000000d+00
0.00000000000000d+00
0.00000000000000d+00
0.00000000000000d+00
0.00000000000000d+00
0.00000000000000d+00
-1.14190000000000d+01
0.00000000000000d+00
0.00000000000000d+00
0.00000000000000d+00
0.00000000000000d+00
0.00000000000000d+00
0.00000000000000d+00
-1.60796000000000d+01
0.00000000000000d+00
0.00000000000000d+00
0.00000000000000d+00
0.00000000000000d+00
0.00000000000000d+00
0.00000000000000d+00
-1.35377000000000d+01
0.00000000000000d+00
0.00000000000000d+00
0.00000000000000d+00
0.00000000000000d+00
0.00000000000000d+00
0.00000000000000d+00
-1.21263000000000d+01
0.00000000000000d+00
0.00000000000000d+00
0.00000000000000d+00
0.00000000000000d+00
0.00000000000000d+00
0.00000000000000d+00
8.84688000000000d+00
0.00000000000000d+00
0.00000000000000d+00
-1.02082000000000d-02
-8.93959000000000d-02
6.96704000000000d-03
1.00000000000000d+00
1.23687000000000d+01
0.00000000000000d+00
0.00000000000000d+00
-2.70618000000000d+00
1.17180000000000d-01
-3.12788000000000d-03
4.69127000000000d-01
1.07548000000000d+01
0.00000000000000d+00
0.00000000000000d+00
-2.30472000000000d+00
-8.87862000000000d-01
1.37663000000000d-01
0.00000000000000d+00
-3.47863000000000d+01
0.00000000000000d+00
-3.51193000000000d+00
3.10086000000000d+00
-1.98314000000000d-01
1.26251000000000d-02
-1.02517000000000d+00
-4.36499000000000d+01
-2.46064000000000d-03
-2.75070000000000d+00
-4.24877000000000d-01
1.59870000000000d-02
-6.90875000000000d-04
-2.07625000000000d-01
5.36598000000000d+00
0.00000000000000d+00
0.00000000000000d+00
0.00000000000000d+00
0.00000000000000d+00
0.00000000000000d+00
7.50000000000000d-02
6.60935000000000d+00
0.00000000000000d+00
0.00000000000000d+00
0.00000000000000d+00
0.00000000000000d+00
0.00000000000000d+00
1.00000000000000d+00
8.93525000000000d+00
0.00000000000000d+00
-3.72080000000000d+00
1.98654000000000d-01
0.00000000000000d+00
0.00000000000000d+00
3.33333000000000d-01
7.52898000000000d+00
0.00000000000000d+00
-3.72080000000000d+00
8.71782000000000d-01
0.00000000000000d+00
0.00000000000000d+00
-6.66667000000000d-01
3.78177000000000d+00
0.00000000000000d+00
-4.26166000000000d+00
-1.19233000000000d-01
7.78829000000000d-01
-9.25203000000000d-02
-6.66667000000000d-01
9.76526000000000d+00
0.00000000000000d+00
-3.86900000000000d+00
1.45482000000000d+00
5.77246000000000d-01
-1.12199000000000d-01
-6.66667000000000d-01
9.04572000000000d+00
0.00000000000000d+00
0.00000000000000d+00
-1.50147000000000d+00
0.00000000000000d+00
0.00000000000000d+00
1.00000000000000d+00
5.51711000000000d+00
0.00000000000000d+00
0.00000000000000d+00
0.00000000000000d+00
0.00000000000000d+00
0.00000000000000d+00
0.00000000000000d+00
-2.77611000000000d+01
-4.30107000000000d-12
-6.14100000000000d+00
-1.93473000000000d-09
2.04145000000000d-10
-1.80372000000000d-11
-6.66667000000000d-01
2.54634000000000d+02
-1.84097000000000d+00
1.03411000000000d+02
-4.20567000000000d+02
6.40874000000000d+01
-1.24624000000000d+01
1.37303000000000d+02
6.96526000000000d+01
-1.39254000000000d+00
5.89128000000000d+01
-1.48273000000000d+02
9.08324000000000d+00
-5.41041000000000d-01
7.03554000000000d+01
9.71867000000000d+00
0.00000000000000d+00
0.00000000000000d+00
-1.36472000000000d+00
0.00000000000000d+00
0.00000000000000d+00
0.00000000000000d+00
1.45444000000000d+01
-1.02295000000000d+01
0.00000000000000d+00
0.00000000000000d+00
4.59037000000000d-02
0.00000000000000d+00
-1.50000000000000d+00
6.59056000000000d+00
-2.92315000000000d+00
0.00000000000000d+00
0.00000000000000d+00
0.00000000000000d+00
0.00000000000000d+00
-1.50000000000000d+00
2.00176000000000d+01
0.00000000000000d+00
-1.52400000000000d+01
3.34926000000000d-01
4.59088000000000d+00
-4.78468000000000d+00
-6.66667000000000d-01
3.53420000000000d+00
-6.98462000000000d+00
0.00000000000000d+00
0.00000000000000d+00
0.00000000000000d+00
0.00000000000000d+00
-1.50000000000000d+00
-9.41892000000000d+00
-4.17795000000000d+00
0.00000000000000d+00
0.00000000000000d+00
0.00000000000000d+00
0.00000000000000d+00
-1.50000000000000d+00
2.53916000000000d+01
0.00000000000000d+00
-3.62324000000000d+01
0.00000000000000d+00
0.00000000000000d+00
-2.00000000000000d+00
-6.66667000000000d-01
-2.87989000000000d+01
-4.19986000000000d+00
0.00000000000000d+00
3.54292000000000d+01
-5.57670000000000d+00
4.41293000000000d-01
-1.50000000000000d+00
9.69515000000000d+00
0.00000000000000d+00
0.00000000000000d+00
0.00000000000000d+00
0.00000000000000d+00
0.00000000000000d+00
1.00000000000000d+00
3.38885000000000d+00
0.00000000000000d+00
0.00000000000000d+00
0.00000000000000d+00
0.00000000000000d+00
0.00000000000000d+00
0.00000000000000d+00
3.88571000000000d+00
-1.03585000000000d+01
0.00000000000000d+00
0.00000000000000d+00
0.00000000000000d+00
0.00000000000000d+00
-1.50000000000000d+00
2.39030000000000d+01
0.00000000000000d+00
-3.97262000000000d+01
-2.10799000000000d-01
4.42879000000000d-01
-7.97753000000000d-02
-6.66667000000000d-01
9.50848000000000d+00
-1.27643000000000d+01
0.00000000000000d+00
-3.65925000000000d+00
7.14224000000000d-01
-1.07508000000000d-03
-1.50000000000000d+00
2.01798000000000d+01
-2.12961000000000d+00
1.68052000000000d+01
-3.01380000000000d+01
1.14711000000000d+00
-2.20312000000000d-02
1.37452000000000d+01
4.27026000000000d+00
-5.69067000000000d-13
7.48144000000000d-11
-2.47239000000000d-10
2.48052000000000d-11
-2.07736000000000d-12
8.43048000000000d-11
4.38838000000000d+01
0.00000000000000d+00
-3.99140000000000d+01
-9.43247000000000d+00
1.88149000000000d-01
0.00000000000000d+00
3.33333000000000d-01
3.97121000000000d+01
0.00000000000000d+00
-3.99140000000000d+01
-1.00379000000000d+00
-1.99239000000000d+00
0.00000000000000d+00
-6.66667000000000d-01
7.26876000000000d+00
-6.72530000000000d+00
0.00000000000000d+00
3.99059000000000d+00
-5.93127000000000d-01
8.77534000000000d-02
-1.50000000000000d+00
5.07648000000000d+00
-1.65681000000000d+00
0.00000000000000d+00
0.00000000000000d+00
0.00000000000000d+00
0.00000000000000d+00
-1.50000000000000d+00
-3.50079000000000d+01
-2.44743000000000d-01
0.00000000000000d+00
0.00000000000000d+00
0.00000000000000d+00
0.00000000000000d+00
-1.50000000000000d+00
1.99170000000000d+01
0.00000000000000d+00
-1.67246000000000d+01
0.00000000000000d+00
0.00000000000000d+00
-3.00000000000000d+00
-6.66667000000000d-01
1.22698000000000d+01
0.00000000000000d+00
0.00000000000000d+00
0.00000000000000d+00
0.00000000000000d+00
0.00000000000000d+00
1.00000000000000d+00
1.20709000000000d+01
-3.01717000000000d-01
0.00000000000000d+00
1.11616000000000d+00
0.00000000000000d+00
0.00000000000000d+00
-1.50000000000000d+00
1.23816000000000d+01
-1.71383000000000d+00
-1.13832000000000d+01
5.47872000000000d+00
-1.07203000000000d+00
1.11960000000000d-01
-1.50000000000000d+00
1.82807000000000d+01
0.00000000000000d+00
-1.81160000000000d+01
-1.46220000000000d+00
6.95113000000000d+00
-2.90366000000000d+00
-6.66667000000000d-01
-5.63093000000000d+00
-7.74414000000000d+00
3.16442000000000d+01
-5.86563000000000d+01
6.77365000000000d+01
-2.29721000000000d+01
-1.50000000000000d+00
5.27856000000000d+01
-2.11408000000000d+00
3.97219000000000d+01
-1.00401000000000d+02
3.15808000000000d+00
-6.29822000000000d-02
5.44823000000000d+01
4.55657000000000d+01
-1.99314000000000d+00
6.46660000000000d+01
-1.11609000000000d+02
5.88114000000000d+00
-3.22771000000000d-01
5.69335000000000d+01
4.15328000000000d+01
-2.01462000000000d+00
2.83636000000000d+01
-8.07750000000000d+01
2.71447000000000d+00
-9.09008000000000d-02
4.53782000000000d+01
6.40633000000000d+00
0.00000000000000d+00
0.00000000000000d+00
1.57592000000000d+00
-1.11750000000000d-01
2.26473000000000d-03
0.00000000000000d+00
3.71998000000000d+01
0.00000000000000d+00
-4.66346000000000d+01
-1.10070000000000d+00
-7.94097000000000d-01
8.13036000000000d-02
-6.66667000000000d-01
1.27344000000000d+01
-1.70393000000000d+00
0.00000000000000d+00
0.00000000000000d+00
0.00000000000000d+00
0.00000000000000d+00
-1.50000000000000d+00
8.57651000000000d+00
0.00000000000000d+00
0.00000000000000d+00
0.00000000000000d+00
0.00000000000000d+00
0.00000000000000d+00
0.00000000000000d+00
-8.79827000000000d+00
-1.27809000000000d+01
0.00000000000000d+00
1.69229000000000d+01
-2.57325000000000d+00
2.08997000000000d-01
-1.50000000000000d+00
1.98307000000000d+00
-9.22026000000000d+00
0.00000000000000d+00
0.00000000000000d+00
0.00000000000000d+00
0.00000000000000d+00
-1.50000000000000d+00
-3.87055000000000d+01
-2.50605000000000d+00
0.00000000000000d+00
0.00000000000000d+00
0.00000000000000d+00
0.00000000000000d+00
-1.50000000000000d+00
2.45058000000000d+01
0.00000000000000d+00
-4.62525000000000d+01
5.58901000000000d+00
7.61843000000000d+00
-3.68300000000000d+00
-6.66667000000000d-01
1.75704000000000d+00
-1.39957000000000d+00
0.00000000000000d+00
0.00000000000000d+00
0.00000000000000d+00
0.00000000000000d+00
-1.50000000000000d+00
-4.76554000000000d+01
-1.96180000000000d-01
0.00000000000000d+00
0.00000000000000d+00
0.00000000000000d+00
0.00000000000000d+00
-1.50000000000000d+00
1.90696000000000d+01
0.00000000000000d+00
-1.92096000000000d+01
0.00000000000000d+00
0.00000000000000d+00
-1.00000000000000d+00
-6.66667000000000d-01
-3.94862000000000d+01
-4.21385000000000d+00
2.11176000000000d+01
3.40411000000000d+01
-4.45593000000000d+00
3.28613000000000d-01
-1.50000000000000d+00
2.62429000000000d+01
-2.20490000000000d+01
0.00000000000000d+00
-2.94583000000000d+01
1.46328000000000d+01
-3.47392000000000d+00
-1.50000000000000d+00
3.66927000000000d+01
0.00000000000000d+00
-4.68900000000000d+01
-7.26420000000000d-01
-7.64060000000000d-01
7.97483000000000d-02
-6.66667000000000d-01
1.28678000000000d+01
0.00000000000000d+00
0.00000000000000d+00
1.02148000000000d+00
-3.34638000000000d-01
2.58708000000000d-02
0.00000000000000d+00
-1.12731000000000d+01
-2.42669000000000d+00
4.86658000000000d+00
1.64592000000000d+01
-1.95129000000000d+00
1.32972000000000d-01
-1.50000000000000d+00
-1.62423000000000d+01
-7.77841000000000d-01
0.00000000000000d+00
0.00000000000000d+00
0.00000000000000d+00
0.00000000000000d+00
-1.50000000000000d+00
-2.52739000000000d+01
-4.99888000000000d-01
0.00000000000000d+00
0.00000000000000d+00
0.00000000000000d+00
0.00000000000000d+00
-1.50000000000000d+00
3.63797000000000d+01
0.00000000000000d+00
-5.00924000000000d+01
-3.90826000000000d-01
-9.95310000000000d-01
1.01354000000000d-01
-6.66667000000000d-01
2.38444000000000d+01
0.00000000000000d+00
0.00000000000000d+00
-2.01075000000000d+01
0.00000000000000d+00
0.00000000000000d+00
1.00000000000000d+00
1.26091000000000d+01
0.00000000000000d+00
0.00000000000000d+00
0.00000000000000d+00
0.00000000000000d+00
0.00000000000000d+00
0.00000000000000d+00
9.05940000000000d+00
-3.28029000000000d+00
0.00000000000000d+00
-3.60588000000000d-01
1.41870000000000d+00
-1.84061000000000d-01
-1.50000000000000d+00
-5.02585000000000d+00
-1.61219000000000d+00
0.00000000000000d+00
0.00000000000000d+00
0.00000000000000d+00
0.00000000000000d+00
-1.50000000000000d+00
1.89075000000000d+01
0.00000000000000d+00
-2.06428000000000d+01
1.52954000000000d+00
2.74870000000000d+00
-1.00000000000000d+00
-6.66667000000000d-01
4.47724000000000d+01
0.00000000000000d+00
-5.02042000000000d+01
-1.64239000000000d+00
-1.59995000000000d+00
1.84933000000000d-01
-6.66667000000000d-01
6.37099000000000d+01
-2.54619000000000d+00
8.84533000000000d+01
-1.56066000000000d+02
8.77114000000000d+00
-5.00891000000000d-01
7.72574000000000d+01
1.63055000000000d+00
-2.00108000000000d+00
-2.20373000000000d+01
1.22654000000000d+01
-3.20073000000000d+00
2.58909000000000d-01
4.52728000000000d+00
7.00613000000000d+00
0.00000000000000d+00
0.00000000000000d+00
2.66964000000000d+00
-4.48904000000000d-01
3.26505000000000d-02
0.00000000000000d+00
4.37008000000000d+01
0.00000000000000d+00
-5.32030000000000d+01
-4.63180000000000d+00
-1.30951000000000d-01
1.46910000000000d-02
-6.66667000000000d-01
9.59428000000000d+00
-5.88511000000000d-01
0.00000000000000d+00
5.84584000000000d+00
-1.52608000000000d+00
0.00000000000000d+00
-1.50000000000000d+00
8.74677000000000d+00
0.00000000000000d+00
0.00000000000000d+00
0.00000000000000d+00
0.00000000000000d+00
0.00000000000000d+00
0.00000000000000d+00
8.03977000000000d+00
-1.56290000000000d+01
0.00000000000000d+00
0.00000000000000d+00
0.00000000000000d+00
0.00000000000000d+00
-1.50000000000000d+00
-5.05494000000000d+01
-1.28332000000000d+01
2.13721000000000d+01
3.77649000000000d+01
-4.10635000000000d+00
2.49618000000000d-01
-1.50000000000000d+00
1.02825000000000d+01
0.00000000000000d+00
0.00000000000000d+00
6.26575000000000d+00
-2.87469000000000d+00
1.87275000000000d-01
0.00000000000000d+00
-3.71963000000000d+01
-4.29366000000000d-01
0.00000000000000d+00
0.00000000000000d+00
0.00000000000000d+00
0.00000000000000d+00
-1.50000000000000d+00
2.22778000000000d+00
-3.22353000000000d+00
0.00000000000000d+00
8.46334000000000d+00
-9.07024000000000d-01
6.42981000000000d-02
-1.50000000000000d+00
4.21826000000000d+00
-7.19830000000000d-01
0.00000000000000d+00
-8.89297000000000d+01
3.02948000000000d+02
-3.46461000000000d+02
-1.50000000000000d+00
4.03715000000000d+01
0.00000000000000d+00
-5.34100000000000d+01
-1.83266000000000d+00
-5.73073000000000d-01
4.62678000000000d-02
-6.66667000000000d-01
-8.44930000000000d+01
-4.69464000000000d-01
0.00000000000000d+00
2.51281000000000d+02
-7.30009000000000d+02
-2.24016000000000d+02
-1.50000000000000d+00
5.26056000000000d+00
-3.35921000000000d+00
0.00000000000000d+00
6.78105000000000d+00
-1.25771000000000d+00
1.40754000000000d-01
-1.50000000000000d+00
-2.72168000000000d+01
-8.88689000000000d-01
0.00000000000000d+00
3.56312000000000d+01
-5.27265000000000d+00
3.92932000000000d-01
-1.50000000000000d+00
1.32941000000000d+00
-1.87164000000000d+01
0.00000000000000d+00
-1.87411000000000d+00
3.41299000000000d+00
-4.32260000000000d-01
-1.50000000000000d+00
4.58787000000000d+01
0.00000000000000d+00
-5.37518000000000d+01
-4.86470000000000d+00
-1.51467000000000d+00
0.00000000000000d+00
-6.66667000000000d-01
1.34032000000000d+01
0.00000000000000d+00
0.00000000000000d+00
-1.76097000000000d-01
-2.16779000000000d-01
0.00000000000000d+00
0.00000000000000d+00
2.11233000000000d+01
0.00000000000000d+00
-2.31959000000000d+01
0.00000000000000d+00
0.00000000000000d+00
0.00000000000000d+00
-6.66667000000000d-01
1.70284000000000d+01
-1.51551000000000d+00
0.00000000000000d+00
-9.85794000000000d+00
1.00748000000000d-01
0.00000000000000d+00
5.94209000000000d+00
-1.29989000000000d+01
-7.50435000000000d-01
0.00000000000000d+00
0.00000000000000d+00
0.00000000000000d+00
0.00000000000000d+00
8.03967000000000d-01
4.29778000000000d+01
0.00000000000000d+00
-5.64422000000000d+01
-2.44848000000000d+00
-1.17578000000000d+00
1.50757000000000d-01
-6.66667000000000d-01
1.29168000000000d+01
0.00000000000000d+00
0.00000000000000d+00
3.97153000000000d-01
0.00000000000000d+00
0.00000000000000d+00
0.00000000000000d+00
1.52772000000000d+01
0.00000000000000d+00
0.00000000000000d+00
-7.95531000000000d+00
0.00000000000000d+00
0.00000000000000d+00
0.00000000000000d+00
8.60234000000000d+01
-3.87313000000000d-01
-2.68327000000000d+01
-1.16137000000000d+02
9.50567000000000d-03
9.99755000000000d-03
-1.50000000000000d+00
2.11065000000000d+01
0.00000000000000d+00
-2.32205000000000d+01
0.00000000000000d+00
0.00000000000000d+00
-2.00000000000000d+00
-6.66667000000000d-01
-1.36664000000000d+01
-1.90396000000000d+00
0.00000000000000d+00
2.38634000000000d+01
-3.70135000000000d+00
2.89640000000000d-01
-1.50000000000000d+00
4.72333000000000d+01
0.00000000000000d+00
-5.65351000000000d+01
-8.96208000000000d-01
-1.72024000000000d+00
1.85409000000000d-01
-6.66667000000000d-01
8.27866000000000d+01
-3.13386000000000d+00
1.14903000000000d+02
-2.03401000000000d+02
1.15793000000000d+01
-6.72783000000000d-01
9.94177000000000d+01
-5.22392000000000d-01
-2.59086000000000d+00
-1.42992000000000d+01
6.40835000000000d+00
-3.59742000000000d+00
3.08804000000000d-01
1.00940000000000d+01
9.14054000000000d+00
0.00000000000000d+00
0.00000000000000d+00
5.59804000000000d-01
-2.33808000000000d-02
-1.21313000000000d-03
0.00000000000000d+00
4.51874000000000d+01
0.00000000000000d+00
-5.93989000000000d+01
-2.28800000000000d+00
-9.14054000000000d-01
9.59821000000000d-02
-6.66667000000000d-01
6.91580000000000d+00
-3.80000000000000d-01
0.00000000000000d+00
7.68863000000000d+00
-1.79910000000000d+00
0.00000000000000d+00
-1.50000000000000d+00
8.77553000000000d+00
0.00000000000000d+00
0.00000000000000d+00
0.00000000000000d+00
0.00000000000000d+00
0.00000000000000d+00
0.00000000000000d+00
4.79212000000000d+01
0.00000000000000d+00
-5.94896000000000d+01
4.47205000000000d+00
-4.78989000000000d+00
5.57201000000000d-01
-6.66667000000000d-01
9.60115000000000d+00
-1.79366000000000d-01
0.00000000000000d+00
5.50678000000000d+00
-2.85656000000000d+00
0.00000000000000d+00
-1.50000000000000d+00
1.18023000000000d+01
0.00000000000000d+00
0.00000000000000d+00
6.50904000000000d-01
0.00000000000000d+00
0.00000000000000d+00
0.00000000000000d+00
-1.24791000000000d+00
-3.33929000000000d+00
0.00000000000000d+00
1.40921000000000d+01
-3.92096000000000d+00
4.47706000000000d-01
-1.50000000000000d+00
-1.34701000000000d+01
-1.25026000000000d+00
0.00000000000000d+00
0.00000000000000d+00
0.00000000000000d+00
0.00000000000000d+00
-1.50000000000000d+00
1.65182000000000d+01
0.00000000000000d+00
-2.39101000000000d+01
1.07796000000000d+01
-3.04181000000000d+00
2.74565000000000d-01
-6.66667000000000d-01
4.95657000000000d+01
0.00000000000000d+00
-5.95755000000000d+01
1.06274000000000d+00
-3.07529000000000d+00
3.72011000000000d-01
-6.66667000000000d-01
2.99016000000000d+01
-3.41832000000000d+00
-1.45501000000000d+01
-6.52934000000000d+00
6.37960000000000d-01
-6.01036000000000d-03
-1.50000000000000d+00
-3.08558000000000d+01
-6.06186000000000d-01
0.00000000000000d+00
0.00000000000000d+00
0.00000000000000d+00
0.00000000000000d+00
-1.50000000000000d+00
9.12482000000000d+01
0.00000000000000d+00
-3.93807000000000d+01
-8.25111000000000d+01
2.40901000000000d+01
-2.78652000000000d+00
-6.66667000000000d-01
4.75008000000000d+01
0.00000000000000d+00
-5.96559000000000d+01
3.70141000000000d+00
-3.12537000000000d+00
3.07626000000000d-01
-6.66667000000000d-01
1.28187000000000d+01
0.00000000000000d+00
0.00000000000000d+00
9.09911000000000d-01
-1.62367000000000d-01
6.68293000000000d-03
0.00000000000000d+00
2.43866000000000d+01
-8.98316000000000d+00
1.56029000000000d+02
-1.74377000000000d+02
7.46440000000000d+00
-3.42232000000000d-01
9.92579000000000d+01
-7.75663000000000d+03
1.05093000000000d+01
-1.99951000000000d+03
1.18865000000000d+04
-2.66872000000000d+03
3.54294000000000d+02
-2.90045000000000d+03
9.48567000000000d+00
-2.46803000000000d-01
0.00000000000000d+00
2.13185000000000d+00
0.00000000000000d+00
0.00000000000000d+00
-1.50000000000000d+00
1.25332000000000d+01
0.00000000000000d+00
0.00000000000000d+00
3.27031000000000d-01
0.00000000000000d+00
0.00000000000000d+00
1.00000000000000d+00
-2.66839000000000d+00
-2.25958000000000d+00
0.00000000000000d+00
0.00000000000000d+00
0.00000000000000d+00
0.00000000000000d+00
-1.50000000000000d+00
1.92596000000000d+01
0.00000000000000d+00
-2.53278000000000d+01
6.49310000000000d+00
-9.27513000000000d+00
-6.10439000000000d-01
-6.66667000000000d-01
8.21556000000000d-01
-3.77704000000000d+00
0.00000000000000d+00
8.09341000000000d+00
-6.15971000000000d-01
3.11590000000000d-02
-1.50000000000000d+00
5.04510000000000d+01
0.00000000000000d+00
-6.25433000000000d+01
-2.95026000000000d+00
-8.96520000000000d-01
7.74126000000000d-02
-6.66667000000000d-01
1.07354000000000d+02
-3.79249000000000d+00
1.47624000000000d+02
-2.61318000000000d+02
1.42732000000000d+01
-7.76243000000000d-01
1.26747000000000d+02
-1.19479000000000d+02
-1.48992000000000d+00
-1.58272000000000d+02
2.81836000000000d+02
-2.06520000000000d+01
1.28543000000000d+00
-1.12725000000000d+02
7.56582000000000d+00
0.00000000000000d+00
0.00000000000000d+00
1.71463000000000d+00
-2.21804000000000d-01
8.80104000000000d-03
0.00000000000000d+00
2.94976000000000d+01
0.00000000000000d+00
0.00000000000000d+00
-1.79774000000000d+01
2.26503000000000d+00
-1.84448000000000d-01
4.00000000000000d+00
4.89010000000000d+01
0.00000000000000d+00
-6.53709000000000d+01
5.68294000000000d+00
-5.00388000000000d+00
5.71407000000000d-01
-6.66667000000000d-01
2.73481000000000d+01
0.00000000000000d+00
0.00000000000000d+00
-1.56387000000000d+01
2.34237000000000d+00
-2.22018000000000d-01
3.00000000000000d+00
4.99315000000000d+01
0.00000000000000d+00
-6.54446000000000d+01
3.59607000000000d+00
-3.40501000000000d+00
3.63961000000000d-01
-6.66667000000000d-01
3.41177000000000d+01
0.00000000000000d+00
-2.67848000000000d+01
-7.69663000000000d-01
-1.74111000000000d+00
2.43095000000000d-01
-6.66667000000000d-01
5.53373000000000d+01
0.00000000000000d+00
-6.54106000000000d+01
-7.70521000000000d+00
6.43820000000000d+00
-2.88918000000000d+00
-6.66667000000000d-01
9.03440000000000d+01
-6.34146000000000d+01
0.00000000000000d+00
-6.21734000000000d+01
9.25995000000000d+00
-6.66665000000000d-01
-1.50000000000000d+00
1.19936000000000d+01
-1.76238000000000d-01
0.00000000000000d+00
0.00000000000000d+00
0.00000000000000d+00
0.00000000000000d+00
-1.50000000000000d+00
1.37640000000000d+01
0.00000000000000d+00
0.00000000000000d+00
0.00000000000000d+00
0.00000000000000d+00
0.00000000000000d+00
0.00000000000000d+00
-7.84699000000000d+00
-3.65092000000000d+00
0.00000000000000d+00
1.80179000000000d+01
-2.86304000000000d+00
2.50854000000000d-01
-1.50000000000000d+00
-9.03294000000000d+00
-2.00996000000000d+00
0.00000000000000d+00
0.00000000000000d+00
0.00000000000000d+00
0.00000000000000d+00
-1.50000000000000d+00
-4.25249000000000d+01
-5.64651000000000d-01
0.00000000000000d+00
0.00000000000000d+00
0.00000000000000d+00
0.00000000000000d+00
-1.50000000000000d+00
3.56868000000000d+01
0.00000000000000d+00
-2.78971000000000d+01
-1.62304000000000d+01
3.52550000000000d+01
-2.58411000000000d+01
-6.66667000000000d-01
5.27180000000000d+01
0.00000000000000d+00
-6.82848000000000d+01
1.78545000000000d-02
-2.06783000000000d+00
1.99659000000000d-01
-6.66667000000000d-01
1.50354000000000d+01
0.00000000000000d+00
0.00000000000000d+00
-9.78760000000000d-01
1.13384000000000d-01
0.00000000000000d+00
0.00000000000000d+00
3.40223000000000d+01
0.00000000000000d+00
-2.79044000000000d+01
-4.81331000000000d-01
-1.50793000000000d+00
1.82531000000000d-01
-6.66667000000000d-01
5.57157000000000d+01
0.00000000000000d+00
-6.83499000000000d+01
-4.69433000000000d+00
-1.24812000000000d+00
1.69306000000000d-01
-6.66667000000000d-01
3.40095000000000d+01
0.00000000000000d+00
-2.79113000000000d+01
2.82028000000000d-01
-1.80122000000000d+00
2.17510000000000d-01
-6.66667000000000d-01
5.12462000000000d+01
0.00000000000000d+00
-6.84116000000000d+01
3.55194000000000d+00
-2.84942000000000d+00
2.49580000000000d-01
-6.66667000000000d-01
1.43636000000000d+01
0.00000000000000d+00
0.00000000000000d+00
-3.91756000000000d-01
0.00000000000000d+00
0.00000000000000d+00
0.00000000000000d+00
5.23486000000000d+01
0.00000000000000d+00
-7.10046000000000d+01
4.06560000000000d+00
-5.26509000000000d+00
6.83546000000000d-01
-6.66667000000000d-01
1.47933000000000d+01
0.00000000000000d+00
0.00000000000000d+00
-8.25362000000000d-01
3.36634000000000d-01
-5.09617000000000d-02
0.00000000000000d+00
5.27522000000000d+01
0.00000000000000d+00
-7.10688000000000d+01
2.71847000000000d+00
-3.17333000000000d+00
3.35323000000000d-01
-6.66667000000000d-01
3.52834000000000d+01
0.00000000000000d+00
-2.90021000000000d+01
-5.25968000000000d-01
-1.94216000000000d+00
2.67346000000000d-01
-6.66667000000000d-01
5.26394000000000d+01
0.00000000000000d+00
-7.11296000000000d+01
2.75299000000000d+00
-2.43406000000000d+00
1.99511000000000d-01
-6.66667000000000d-01
1.14956000000000d+01
-2.50870000000000d-01
0.00000000000000d+00
0.00000000000000d+00
0.00000000000000d+00
0.00000000000000d+00
-1.50000000000000d+00
1.38689000000000d+01
0.00000000000000d+00
0.00000000000000d+00
7.22254000000000d-01
-4.70738000000000d-01
0.00000000000000d+00
0.00000000000000d+00
3.79390000000000d+01
0.00000000000000d+00
-3.00732000000000d+01
-4.72696000000000d+00
-1.48282000000000d+00
2.45061000000000d-01
-6.66667000000000d-01
5.41202000000000d+01
0.00000000000000d+00
-7.38006000000000d+01
1.87885000000000d+00
-2.75862000000000d+00
2.79678000000000d-01
-6.66667000000000d-01
1.67030000000000d+01
0.00000000000000d+00
0.00000000000000d+00
-2.27157000000000d+00
5.35075000000000d-01
0.00000000000000d+00
0.00000000000000d+00
3.50973000000000d+01
0.00000000000000d+00
-3.00795000000000d+01
4.47475000000000d-02
-1.69565000000000d+00
2.01730000000000d-01
-6.66667000000000d-01
5.59694000000000d+01
0.00000000000000d+00
-7.38580000000000d+01
-1.10691000000000d+00
-2.42921000000000d+00
2.94000000000000d-01
-6.66667000000000d-01
3.22014000000000d+01
0.00000000000000d+00
-3.00800000000000d+01
2.93877000000000d+00
2.77388000000000d+00
-4.82840000000000d+00
-6.66667000000000d-01
1.60218000000000d+01
-1.20000000000000d+01
0.00000000000000d+00
-1.68317000000000d+00
6.92171000000000d-01
-8.31029000000000d-02
-1.50000000000000d+00
5.48015000000000d+01
0.00000000000000d+00
-7.39127000000000d+01
8.14350000000000d-01
-2.90813000000000d+00
3.35176000000000d-01
-6.66667000000000d-01
1.16558000000000d+01
-1.72713000000000d-01
0.00000000000000d+00
0.00000000000000d+00
0.00000000000000d+00
0.00000000000000d+00
-1.50000000000000d+00
1.65497000000000d+01
0.00000000000000d+00
0.00000000000000d+00
-3.37420000000000d+00
7.50377000000000d-01
0.00000000000000d+00
1.00000000000000d+00
5.37500000000000d+01
0.00000000000000d+00
-7.64273000000000d+01
3.87451000000000d+00
-3.61477000000000d+00
3.67451000000000d-01
-6.66667000000000d-01
1.63387000000000d+01
0.00000000000000d+00
0.00000000000000d+00
-1.74001000000000d+00
4.86566000000000d-01
0.00000000000000d+00
0.00000000000000d+00
5.46305000000000d+01
0.00000000000000d+00
-7.64839000000000d+01
3.03748000000000d+00
-2.59814000000000d+00
2.10582000000000d-01
-6.66667000000000d-01
1.42055000000000d+01
0.00000000000000d+00
0.00000000000000d+00
0.00000000000000d+00
1.24258000000000d+00
-8.70854000000000d-01
0.00000000000000d+00
1.17025000000000d+01
-2.07925000000000d-01
0.00000000000000d+00
0.00000000000000d+00
0.00000000000000d+00
0.00000000000000d+00
-1.50000000000000d+00
3.58192000000000d+01
0.00000000000000d+00
-3.11381000000000d+01
-1.51667000000000d-01
-1.76926000000000d+00
2.19569000000000d-01
-6.66667000000000d-01
5.48330000000000d+01
0.00000000000000d+00
-7.65379000000000d+01
2.80099000000000d+00
-2.34788000000000d+00
1.50014000000000d-01
-6.66667000000000d-01
1.74180000000000d+01
0.00000000000000d+00
0.00000000000000d+00
-2.64977000000000d+00
7.71581000000000d-01
0.00000000000000d+00
0.00000000000000d+00
3.49383000000000d+01
0.00000000000000d+00
-3.11437000000000d+01
1.02701000000000d+00
-1.81612000000000d+00
1.97287000000000d-01
-6.66667000000000d-01
6.04703000000000d+01
0.00000000000000d+00
-7.65897000000000d+01
-7.46117000000000d+00
-5.74977000000000d-01
1.15742000000000d-01
-6.66667000000000d-01
3.50037000000000d+01
0.00000000000000d+00
-3.11491000000000d+01
4.02181000000000d-01
-1.30287000000000d+00
1.35535000000000d-01
-6.66667000000000d-01
5.59169000000000d+01
0.00000000000000d+00
-7.66391000000000d+01
2.70825000000000d+00
-4.48808000000000d+00
5.82872000000000d-01
-6.66667000000000d-01
1.57633000000000d+01
0.00000000000000d+00
0.00000000000000d+00
-5.75865000000000d-01
5.65199000000000d-02
-1.29886000000000d-02
0.00000000000000d+00
3.68432000000000d+01
0.00000000000000d+00
-3.21734000000000d+01
-1.77078000000000d+00
-2.21706000000000d+00
2.98499000000000d-01
-6.66667000000000d-01
5.90195000000000d+01
0.00000000000000d+00
-7.91220000000000d+01
-7.07006000000000d+00
4.24183000000000d-01
-6.65231000000000d-02
-6.66667000000000d-01
1.70705000000000d+01
0.00000000000000d+00
0.00000000000000d+00
-1.31922000000000d+00
1.67096000000000d-01
-1.91676000000000d-02
0.00000000000000d+00
3.51446000000000d+01
0.00000000000000d+00
-3.21790000000000d+01
1.40668000000000d+00
-2.02828000000000d+00
2.30326000000000d-01
-6.66667000000000d-01
5.66322000000000d+01
0.00000000000000d+00
-7.91731000000000d+01
-4.22583000000000d+00
-4.27863000000000d-01
2.35817000000000d-02
-6.66667000000000d-01
3.48383000000000d+01
0.00000000000000d+00
-3.21843000000000d+01
1.38642000000000d+00
-1.64811000000000d+00
1.57323000000000d-01
-6.66667000000000d-01
6.01427000000000d+01
0.00000000000000d+00
-7.92220000000000d+01
-5.31022000000000d+00
-1.37323000000000d+00
2.16790000000000d-01
-6.66667000000000d-01
1.52506000000000d+01
0.00000000000000d+00
0.00000000000000d+00
1.01203000000000d+00
-2.01174000000000d-01
3.60954000000000d-03
0.00000000000000d+00
6.47958000000000d+01
0.00000000000000d+00
-8.16670000000000d+01
-1.06333000000000d+01
-6.72613000000000d-01
1.61209000000000d-01
-6.66667000000000d-01
1.71330000000000d+01
0.00000000000000d+00
0.00000000000000d+00
-1.55633000000000d+00
3.00783000000000d-01
-3.73696000000000d-02
0.00000000000000d+00
6.40230000000000d+01
0.00000000000000d+00
-8.17175000000000d+01
-1.01755000000000d+01
3.64167000000000d-01
-3.17666000000000d-04
-6.66667000000000d-01
1.83476000000000d+01
0.00000000000000d+00
0.00000000000000d+00
-2.66846000000000d+00
-8.38935000000000d-01
3.90870000000000d-01
1.00000000000000d+00
3.57683000000000d+01
0.00000000000000d+00
-3.32034000000000d+01
5.05619000000000d-01
-1.73654000000000d+00
2.07342000000000d-01
-6.66667000000000d-01
5.70372000000000d+01
0.00000000000000d+00
-8.17658000000000d+01
3.48637000000000d+00
-3.91880000000000d+00
4.40356000000000d-01
-6.66667000000000d-01
1.61824000000000d+01
0.00000000000000d+00
0.00000000000000d+00
8.50753000000000d-01
-2.78226000000000d+00
1.45776000000000d+00
0.00000000000000d+00
3.51951000000000d+01
0.00000000000000d+00
-3.32084000000000d+01
1.06738000000000d+00
-1.55342000000000d+00
1.59225000000000d-01
-6.66667000000000d-01
6.33330000000000d+01
0.00000000000000d+00
-8.18123000000000d+01
-8.91821000000000d+00
-3.29369000000000d-02
3.91790000000000d-02
-6.66667000000000d-01
3.52907000000000d+01
0.00000000000000d+00
-3.32133000000000d+01
5.64373000000000d-01
-1.18789000000000d+00
1.10892000000000d-01
-6.66667000000000d-01
5.66787000000000d+01
0.00000000000000d+00
-8.18569000000000d+01
4.92305000000000d+00
-5.04112000000000d+00
6.17500000000000d-01
-6.66667000000000d-01
1.75513000000000d+01
0.00000000000000d+00
0.00000000000000d+00
-2.40159000000000d+00
5.94573000000000d-01
-6.82896000000000d-02
0.00000000000000d+00
5.11463000000000d+02
-5.29491000000000d+00
3.17171000000000d+02
-9.11679000000000d+02
9.44245000000000d+01
-1.01973000000000d+01
3.30727000000000d+02
2.38315000000000d+01
2.46665000000000d-01
-4.59868000000000d+01
1.36822000000000d+01
-3.76902000000000d-01
-1.94875000000000d-02
-8.42325000000000d+00
4.05626000000000d+01
-5.14414000000000d-01
-1.10655000000000d+02
8.30232000000000d+01
-1.97762000000000d+01
3.03961000000000d+00
-4.94742000000000d+01
4.26798000000000d+01
-6.05930000000000d+00
-3.40548000000000d+01
-3.41973000000000d+00
1.16501000000000d+00
-1.05543000000000d-01
-7.70886000000000d+00
5.68618000000000d+01
0.00000000000000d+00
-8.42732000000000d+01
-2.98061000000000d+00
-5.31361000000000d-01
2.36120000000000d-02
-6.66667000000000d-01
1.78835000000000d+01
0.00000000000000d+00
0.00000000000000d+00
-9.17026000000000d-01
-1.09162000000000d-01
1.27488000000000d-02
0.00000000000000d+00
3.45168000000000d+01
0.00000000000000d+00
-3.42123000000000d+01
2.51264000000000d+00
-2.09211000000000d+00
2.19444000000000d-01
-6.66667000000000d-01
6.25923000000000d+01
0.00000000000000d+00
-8.43192000000000d+01
-8.32959000000000d+00
3.39940000000000d-01
-3.59909000000000d-02
-6.66667000000000d-01
3.52335000000000d+01
0.00000000000000d+00
-3.42170000000000d+01
1.28258000000000d+00
-1.50980000000000d+00
1.42011000000000d-01
-6.66667000000000d-01
6.24555000000000d+01
0.00000000000000d+00
-8.43633000000000d+01
-5.28933000000000d+00
-1.31030000000000d+00
1.87088000000000d-01
-6.66667000000000d-01
1.58544000000000d+01
0.00000000000000d+00
0.00000000000000d+00
-4.52357000000000d-04
4.12838000000000d-02
-1.60865000000000d-02
0.00000000000000d+00
6.51754000000000d+01
0.00000000000000d+00
-8.67459000000000d+01
-9.79373000000000d+00
-7.72169000000000d-01
1.55883000000000d-01
-6.66667000000000d-01
1.78355000000000d+01
0.00000000000000d+00
0.00000000000000d+00
-1.98927000000000d+00
4.65124000000000d-01
-5.82249000000000d-02
0.00000000000000d+00
6.51467000000000d+01
0.00000000000000d+00
-8.67913000000000d+01
-6.51572000000000d+00
-1.21249000000000d+00
1.85473000000000d-01
-6.66667000000000d-01
1.74502000000000d+01
0.00000000000000d+00
0.00000000000000d+00
-2.78891000000000d+00
8.39655000000000d-01
0.00000000000000d+00
0.00000000000000d+00
3.58532000000000d+01
0.00000000000000d+00
-3.52065000000000d+01
8.84621000000000d-01
-1.76421000000000d+00
2.02494000000000d-01
-6.66667000000000d-01
5.97193000000000d+01
0.00000000000000d+00
-8.68349000000000d+01
2.37343000000000d+00
-3.65677000000000d+00
4.12128000000000d-01
-6.66667000000000d-01
1.92034000000000d+01
0.00000000000000d+00
0.00000000000000d+00
-6.30512000000000d+00
5.63743000000000d+00
-2.31118000000000d+00
0.00000000000000d+00
3.52650000000000d+01
0.00000000000000d+00
-3.52111000000000d+01
1.49375000000000d+00
-1.48209000000000d+00
1.31902000000000d-01
-6.66667000000000d-01
6.16085000000000d+01
0.00000000000000d+00
-8.68771000000000d+01
-8.73902000000000d-02
-3.40716000000000d+00
4.41679000000000d-01
-6.66667000000000d-01
3.56954000000000d+01
0.00000000000000d+00
-3.52154000000000d+01
7.30190000000000d-01
-1.26018000000000d+00
1.21141000000000d-01
-6.66667000000000d-01
5.80146000000000d+01
0.00000000000000d+00
-8.69175000000000d+01
5.65500000000000d+00
-4.53625000000000d+00
4.79806000000000d-01
-6.66667000000000d-01
1.72055000000000d+01
0.00000000000000d+00
0.00000000000000d+00
-1.83611000000000d+00
4.60384000000000d-01
-5.84947000000000d-02
0.00000000000000d+00
3.62596000000000d+01
0.00000000000000d+00
-3.61825000000000d+01
8.73042000000000d-01
-2.89731000000000d+00
3.64394000000000d-01
-6.66667000000000d-01
6.59219000000000d+01
0.00000000000000d+00
-8.92740000000000d+01
-1.04373000000000d+01
1.00492000000000d+00
-1.25548000000000d-01
-6.66667000000000d-01
1.70941000000000d+01
0.00000000000000d+00
0.00000000000000d+00
-9.10840000000000d-01
1.62511000000000d-01
-2.79619000000000d-02
0.00000000000000d+00
3.54319000000000d+01
0.00000000000000d+00
-3.61870000000000d+01
1.79171000000000d+00
-1.77786000000000d+00
1.79936000000000d-01
-6.66667000000000d-01
6.35657000000000d+01
0.00000000000000d+00
-8.93157000000000d+01
-1.95982000000000d+00
-2.45671000000000d+00
2.96095000000000d-01
-6.66667000000000d-01
1.73501000000000d+01
0.00000000000000d+00
0.00000000000000d+00
-1.70171000000000d+00
3.86422000000000d-01
-5.36858000000000d-02
0.00000000000000d+00
3.55860000000000d+01
0.00000000000000d+00
-3.61913000000000d+01
1.44056000000000d+00
-1.50734000000000d+00
1.42124000000000d-01
-6.66667000000000d-01
6.20252000000000d+01
0.00000000000000d+00
-8.93558000000000d+01
8.82861000000000d-04
-2.79327000000000d+00
3.09057000000000d-01
-6.66667000000000d-01
3.55500000000000d+01
0.00000000000000d+00
-3.61955000000000d+01
1.08481000000000d+00
-1.46703000000000d+00
1.37890000000000d-01
-6.66667000000000d-01
1.58885000000000d+01
0.00000000000000d+00
0.00000000000000d+00
-3.44319000000000d-01
1.78277000000000d-01
-3.34326000000000d-02
0.00000000000000d+00
6.66417000000000d+01
0.00000000000000d+00
-9.16819000000000d+01
-9.51885000000000d+00
-5.33014000000000d-01
8.92607000000000d-02
-6.66667000000000d-01
1.64534000000000d+01
0.00000000000000d+00
0.00000000000000d+00
-1.10421000000000d+00
3.79905000000000d-01
-5.81878000000000d-02
0.00000000000000d+00
6.90636000000000d+01
0.00000000000000d+00
-9.17231000000000d+01
-1.01816000000000d+01
-4.06303000000000d-02
3.45056000000000d-02
-6.66667000000000d-01
2.21991000000000d+01
0.00000000000000d+00
0.00000000000000d+00
-9.56149000000000d+00
2.58999000000000d+00
0.00000000000000d+00
1.00000000000000d+00
3.62304000000000d+01
0.00000000000000d+00
-3.71544000000000d+01
9.50364000000000d-01
-1.77529000000000d+00
1.98562000000000d-01
-6.66667000000000d-01
6.02478000000000d+01
0.00000000000000d+00
-9.17628000000000d+01
4.23027000000000d+00
-3.31305000000000d+00
2.71293000000000d-01
-6.66667000000000d-01
1.90340000000000d+01
-6.88090000000000d-02
5.37986000000000d+00
-8.75815000000000d+00
5.28511000000000d-01
-4.97374000000000d-02
4.06556000000000d+00
3.57333000000000d+01
0.00000000000000d+00
-3.71585000000000d+01
1.66198000000000d+00
-1.60842000000000d+00
1.48916000000000d-01
-6.66667000000000d-01
3.60665000000000d+01
0.00000000000000d+00
-3.71625000000000d+01
1.06776000000000d+00
-1.31689000000000d+00
1.22089000000000d-01
-6.66667000000000d-01
1.70650000000000d+01
0.00000000000000d+00
0.00000000000000d+00
-1.86357000000000d+00
6.16591000000000d-01
-8.39313000000000d-02
0.00000000000000d+00
3.73736000000000d+01
0.00000000000000d+00
-3.81053000000000d+01
-2.10947000000000d-01
-2.68377000000000d+00
3.55814000000000d-01
-6.66667000000000d-01
1.73552000000000d+01
0.00000000000000d+00
0.00000000000000d+00
-1.37855000000000d+00
2.99896000000000d-01
-4.38200000000000d-02
0.00000000000000d+00
3.55937000000000d+01
0.00000000000000d+00
-3.81094000000000d+01
2.57091000000000d+00
-2.07795000000000d+00
2.07570000000000d-01
-6.66667000000000d-01
3.60159000000000d+01
0.00000000000000d+00
-3.81133000000000d+01
1.77414000000000d+00
-1.48268000000000d+00
1.21073000000000d-01
-6.66667000000000d-01
1.60765000000000d+01
0.00000000000000d+00
0.00000000000000d+00
-1.19665000000000d+00
5.07179000000000d-01
-7.46040000000000d-02
0.00000000000000d+00
1.72731000000000d+01
0.00000000000000d+00
0.00000000000000d+00
-1.90814000000000d+00
4.93188000000000d-01
-6.84633000000000d-02
0.00000000000000d+00
1.97500000000000d+01
0.00000000000000d+00
-4.25860000000000d+00
7.33469000000000d-01
1.71825000000000d-01
-3.10515000000000d-02
-6.66667000000000d-01
1.98470000000000d+01
0.00000000000000d+00
-4.25860000000000d+00
4.34243000000000d-01
2.38610000000000d-01
-3.47386000000000d-02
-6.66667000000000d-01
3.93457000000000d+01
0.00000000000000d+00
-4.52440000000000d+00
-1.64028000000000d+01
1.73103000000000d+00
-1.22966000000000d-01
2.31304000000000d+00
2.51794000000000d+01
0.00000000000000d+00
-4.52440000000000d+00
3.50337000000000d-01
5.87470000000000d-01
-8.84909000000000d+00
-6.66667000000000d-01
1.92762000000000d+01
0.00000000000000d+00
0.00000000000000d+00
4.38557000000000d-02
-2.01527000000000d-01
1.53433000000000d-02
1.00000000000000d+00
2.03787000000000d+01
0.00000000000000d+00
0.00000000000000d+00
-3.32788000000000d-01
-7.00485000000000d-01
9.76521000000000d-02
0.00000000000000d+00
2.46839000000000d+01
0.00000000000000d+00
-7.18200000000000d+00
4.73288000000000d-01
1.46847000000000d+00
-2.79603000000000d+01
-6.66667000000000d-01
4.12969000000000d+01
0.00000000000000d+00
-7.18200000000000d+00
-1.71349000000000d+01
1.36908000000000d+00
-8.14423000000000d-02
3.35395000000000d+00
2.24207000000000d+01
0.00000000000000d+00
-7.73300000000000d+00
-1.33473000000000d-01
-2.94412000000000d-01
3.10968000000000d-02
-6.66667000000000d-01
6.09649000000000d+01
0.00000000000000d+00
-8.41650000000000d+01
-1.41910000000000d+00
-1.14619000000000d-01
-7.03070000000000d-02
-6.66667000000000d-01
6.12863000000000d+01
0.00000000000000d+00
-8.41650000000000d+01
-1.56627000000000d+00
-7.36084000000000d-02
-7.27970000000000d-02
-6.66667000000000d-01
-6.57522000000000d+00
-1.16380000000000d+00
0.00000000000000d+00
2.27105000000000d+01
-2.90707000000000d+00
2.05754000000000d-01
-1.50000000000000d+00
2.08972000000000d+01
-7.40600000000000d+00
0.00000000000000d+00
0.00000000000000d+00
0.00000000000000d+00
0.00000000000000d+00
-1.50000000000000d+00
-4.87347000000000d+00
-2.02117000000000d+00
0.00000000000000d+00
3.08497000000000d+01
-8.50433000000000d+00
-1.54426000000000d+00
-1.50000000000000d+00
2.74764000000000d+01
0.00000000000000d+00
-1.52530000000000d+01
1.59318000000000d+00
2.44790000000000d+00
-2.19708000000000d+00
-6.66667000000000d-01
6.85253000000000d+01
2.05134000000000d-01
-1.19242000000000d+02
1.33667000000000d+01
2.95425000000000d-01
-2.67288000000000d-01
-9.91729000000000d+00
4.85341000000000d+01
3.72040000000000d-01
-1.33413000000000d+02
5.01572000000000d+01
-3.15987000000000d+00
1.78251000000000d-02
-2.37027000000000d+01
7.75491000000000d+01
-3.73641000000000d-01
-1.20830000000000d+02
-7.72334000000000d+00
-2.27939000000000d+00
1.67655000000000d-01
7.62001000000000d+00
8.52628000000000d+01
2.23453000000000d-01
-1.45844000000000d+02
8.72612000000000d+00
-5.54035000000000d-01
-1.37562000000000d-01
-6.88807000000000d+00
9.72435000000000d+01
-2.68514000000000d-01
-1.19324000000000d+02
-3.22497000000000d+01
1.46214000000000d+00
-2.00893000000000d-01
1.32148000000000d+01
1.95790000000000d+01
0.00000000000000d+00
-1.69078000000000d+01
0.00000000000000d+00
0.00000000000000d+00
-2.00000000000000d+00
-6.66667000000000d-01
1.01740000000000d+01
-4.95865000000000d+00
0.00000000000000d+00
5.10182000000000d+00
3.79373000000000d-01
-6.72515000000000d-02
-1.50000000000000d+00
5.53360000000000d+00
-2.11477000000000d+00
0.00000000000000d+00
0.00000000000000d+00
0.00000000000000d+00
0.00000000000000d+00
-1.50000000000000d+00
-7.20763000000000d+00
-7.53395000000000d-01
0.00000000000000d+00
0.00000000000000d+00
0.00000000000000d+00
0.00000000000000d+00
-1.50000000000000d+00
1.80342000000000d+00
-1.38000000000000d+01
0.00000000000000d+00
1.26501000000000d+01
-1.10938000000000d+00
6.96232000000000d-02
-1.50000000000000d+00
7.45588000000000d+00
-8.55000000000000d+00
0.00000000000000d+00
0.00000000000000d+00
0.00000000000000d+00
0.00000000000000d+00
-1.50000000000000d+00
4.06210000000000d+01
0.00000000000000d+00
-3.99180000000000d+01
0.00000000000000d+00
2.27017000000000d-01
-9.00234000000000d-01
-6.66667000000000d-01
2.69671000000000d+01
0.00000000000000d+00
-1.66979000000000d+01
0.00000000000000d+00
0.00000000000000d+00
-3.00000000000000d+00
-6.66667000000000d-01
8.94352000000000d+00
-5.32335000000000d+00
0.00000000000000d+00
1.16568000000000d+01
-2.16303000000000d+00
2.09965000000000d-01
-1.50000000000000d+00
1.02725000000000d+01
-1.66300000000000d+00
0.00000000000000d+00
0.00000000000000d+00
0.00000000000000d+00
0.00000000000000d+00
-1.50000000000000d+00
-2.79044000000000d+01
-2.45884000000000d-01
0.00000000000000d+00
0.00000000000000d+00
0.00000000000000d+00
0.00000000000000d+00
-1.50000000000000d+00
1.34150000000000d+00
-1.54440000000000d+01
0.00000000000000d+00
1.16560000000000d+01
-1.24869000000000d+00
0.00000000000000d+00
1.00000000000000d+00
2.82796000000000d+00
-8.08500000000000d+00
0.00000000000000d+00
0.00000000000000d+00
0.00000000000000d+00
0.00000000000000d+00
0.00000000000000d+00
2.51575000000000d+00
-8.41969000000000d+00
0.00000000000000d+00
6.51299000000000d+00
-3.34277000000000d-01
0.00000000000000d+00
2.00000000000000d+00
2.03530000000000d+01
-4.66617000000000d+01
0.00000000000000d+00
-1.58171000000000d+00
3.24472000000000d-02
0.00000000000000d+00
1.00000000000000d+00
1.56732000000000d+01
-4.66617000000000d+01
0.00000000000000d+00
4.34441000000000d+00
-1.71268000000000d+00
0.00000000000000d+00
0.00000000000000d+00
1.51955000000000d+01
-3.75185000000000d+00
0.00000000000000d+00
0.00000000000000d+00
0.00000000000000d+00
0.00000000000000d+00
-1.50000000000000d+00
8.23900000000000d+00
-2.46828000000000d+00
0.00000000000000d+00
0.00000000000000d+00
0.00000000000000d+00
0.00000000000000d+00
-1.50000000000000d+00
-5.27043000000000d+01
-1.27650000000000d-01
0.00000000000000d+00
0.00000000000000d+00
0.00000000000000d+00
0.00000000000000d+00
-1.50000000000000d+00
2.62916000000000d+01
0.00000000000000d+00
-1.81160000000000d+01
0.00000000000000d+00
1.86674000000000d+00
-7.56660000000000d+00
-6.66667000000000d-01
1.43586000000000d+01
-3.28600000000000d+00
0.00000000000000d+00
0.00000000000000d+00
-2.11030000000000d-01
0.00000000000000d+00
2.87702000000000d+00
5.84299000000000d+01
-2.00863000000000d+00
6.66612000000000d+01
-1.18432000000000d+02
6.47602000000000d+00
-3.64710000000000d-01
5.91958000000000d+01
2.92700000000000d+01
-4.58659000000000d-12
-1.81300000000000d+01
-2.20482000000000d-09
2.40330000000000d-10
-2.17403000000000d-11
-6.66667000000000d-01
5.51346000000000d+01
-2.00307000000000d+00
2.82992000000000d+01
-8.60503000000000d+01
3.48915000000000d+00
-1.57188000000000d-01
4.62900000000000d+01
1.76409000000000d+01
0.00000000000000d+00
0.00000000000000d+00
1.70736000000000d+00
-1.32579000000000d-01
4.54218000000000d-03
0.00000000000000d+00
4.31874000000000d+01
0.00000000000000d+00
-4.66346000000000d+01
8.66532000000000d-01
-8.93541000000000d-01
7.47971000000000d-02
-6.66667000000000d-01
-3.42129000000000d+02
-5.41180000000000d+01
6.38957000000000d+02
-2.89040000000000d+02
-3.53144000000000d+00
6.48991000000000d-01
2.97721000000000d+02
-2.68136000000000d+02
-3.87624000000000d+01
3.61154000000000d+02
-9.26430000000000d+01
-9.98738000000000d+00
8.92737000000000d-01
1.61042000000000d+02
-3.08905000000000d+02
-4.72175000000000d+01
5.14197000000000d+02
-2.00896000000000d+02
-6.42713000000000d+00
7.58256000000000d-01
2.36359000000000d+02
-7.26831000000000d+00
-1.32638000000000d+01
0.00000000000000d+00
1.80748000000000d+01
-9.81883000000000d-01
0.00000000000000d+00
-1.50000000000000d+00
4.39762000000000d+01
0.00000000000000d+00
-4.68800000000000d+01
-5.36629000000000d-01
1.44715000000000d-01
-1.97624000000000d-01
-6.66667000000000d-01
6.59038000000000d+00
0.00000000000000d+00
0.00000000000000d+00
6.22036000000000d+00
-2.09891000000000d-02
-6.89843000000000d-02
1.00000000000000d+00
1.50061000000000d+01
0.00000000000000d+00
0.00000000000000d+00
-5.32251000000000d-02
1.00044000000000d+00
-1.32380000000000d-01
0.00000000000000d+00
4.49730000000000d+01
0.00000000000000d+00
-5.00924000000000d+01
8.07739000000000d-01
-9.56029000000000d-01
7.93321000000000d-02
-6.66667000000000d-01
1.94638000000000d+01
-5.61542000000000d+01
0.00000000000000d+00
9.93488000000000d-01
-2.57094000000000d-01
2.84334000000000d-02
0.00000000000000d+00
-6.58736000000000d+00
-2.31577000000000d+00
0.00000000000000d+00
1.97297000000000d+01
-2.20987000000000d+00
1.53374000000000d-01
-1.50000000000000d+00
1.78295000000000d-02
-1.86103000000000d+00
0.00000000000000d+00
0.00000000000000d+00
0.00000000000000d+00
0.00000000000000d+00
-1.50000000000000d+00
1.89756000000000d+01
0.00000000000000d+00
-2.00024000000000d+01
1.15988000000000d+01
-1.37398000000000d+00
-1.00000000000000d+00
-6.66667000000000d-01
4.45270000000000d+01
0.00000000000000d+00
-5.02042000000000d+01
1.76141000000000d+00
-1.36813000000000d+00
1.23087000000000d-01
-6.66667000000000d-01
6.49407000000000d+01
-2.51894000000000d+00
8.51374000000000d+01
-1.45038000000000d+02
7.70922000000000d+00
-4.27731000000000d-01
7.35924000000000d+01
4.73650000000000d+01
-2.46790000000000d+00
7.98849000000000d+01
-1.24834000000000d+02
6.16550000000000d+00
-3.39742000000000d-01
6.77826000000000d+01
6.75936000000000d+01
-2.65850000000000d+00
4.93636000000000d+01
-1.24715000000000d+02
5.57965000000000d+00
-2.75543000000000d-01
6.58717000000000d+01
1.77448000000000d+01
0.00000000000000d+00
0.00000000000000d+00
1.83199000000000d+00
-2.90485000000000d-01
2.42929000000000d-02
0.00000000000000d+00
-1.28267000000000d+01
0.00000000000000d+00
0.00000000000000d+00
1.14826000000000d+01
1.82849000000000d+00
-3.48440000000000d-01
0.00000000000000d+00
4.62150000000000d+01
0.00000000000000d+00
-5.32030000000000d+01
7.12920000000000d-01
-8.92548000000000d-01
7.09813000000000d-02
-6.66667000000000d-01
4.57613000000000d+01
0.00000000000000d+00
-5.34150000000000d+01
-1.46489000000000d+00
1.77770000000000d+00
-9.03499000000000d-01
-6.66667000000000d-01
3.83370000000000d+01
0.00000000000000d+00
-5.34160000000000d+01
8.01209000000000d+00
-2.64791000000000d+00
2.18637000000000d-01
3.33333000000000d-01
4.58397000000000d+01
0.00000000000000d+00
-5.35050000000000d+01
4.55980000000000d-02
-1.94481000000000d-01
-7.48153000000000d-02
-6.66667000000000d-01
1.57057000000000d+01
-1.87300000000000d+01
0.00000000000000d+00
-9.54056000000000d+00
4.71712000000000d+00
-4.61053000000000d-01
-1.50000000000000d+00
1.35650000000000d+01
-2.03581000000000d-01
0.00000000000000d+00
3.87515000000000d+00
2.28327000000000d-01
-4.58720000000000d-02
-1.50000000000000d+00
1.25010000000000d+01
-6.08268000000000d-02
0.00000000000000d+00
0.00000000000000d+00
0.00000000000000d+00
0.00000000000000d+00
-1.50000000000000d+00
1.11387000000000d+01
0.00000000000000d+00
0.00000000000000d+00
7.36773000000000d+00
-2.42424000000000d+00
3.13743000000000d-01
0.00000000000000d+00
1.16414000000000d+01
0.00000000000000d+00
0.00000000000000d+00
5.07134000000000d+00
-5.57537000000000d-01
4.51737000000000d-02
0.00000000000000d+00
1.47127000000000d+01
-4.10150000000000d-01
0.00000000000000d+00
0.00000000000000d+00
0.00000000000000d+00
0.00000000000000d+00
-1.50000000000000d+00
1.36200000000000d+01
-6.61138000000000d-02
0.00000000000000d+00
0.00000000000000d+00
0.00000000000000d+00
0.00000000000000d+00
-1.50000000000000d+00
4.77092000000000d+01
0.00000000000000d+00
-5.64422000000000d+01
7.05353000000000d-01
-9.57427000000000d-01
7.56045000000000d-02
-6.66667000000000d-01
2.94576000000000d+01
0.00000000000000d+00
-2.64162000000000d+01
0.00000000000000d+00
0.00000000000000d+00
-2.00000000000000d+00
-6.66667000000000d-01
-7.02789000000000d+00
-4.24250000000000d+00
0.00000000000000d+00
1.80416000000000d+01
-1.54137000000000d+00
8.47506000000000d-02
-1.50000000000000d+00
-2.68683000000000d+01
-9.63012000000000d-01
5.18642000000000d+00
-3.47936000000000d+01
1.68225000000000d+02
-1.15825000000000d+02
-1.50000000000000d+00
6.09163000000000d+00
-3.06670000000000d+01
0.00000000000000d+00
5.40982000000000d+00
-2.65676000000000d-01
0.00000000000000d+00
1.00000000000000d+00
1.13074000000000d+01
-3.06670000000000d+01
0.00000000000000d+00
3.11974000000000d-01
-2.02044000000000d+00
0.00000000000000d+00
0.00000000000000d+00
4.74856000000000d+01
0.00000000000000d+00
-5.65351000000000d+01
1.60477000000000d+00
-1.40594000000000d+00
1.27353000000000d-01
-6.66667000000000d-01
7.27891000000000d+01
-3.04903000000000d+00
1.05263000000000d+02
-1.74930000000000d+02
9.08555000000000d+00
-4.95072000000000d-01
8.93425000000000d+01
2.01444000000000d+01
0.00000000000000d+00
-2.32710000000000d+01
5.66710000000000d+00
-7.08839000000000d-01
-5.61047000000000d-02
1.33333000000000d+00
2.06553000000000d+01
0.00000000000000d+00
-2.32710000000000d+01
1.22438000000000d+00
1.57567000000000d+00
-2.09975000000000d-01
-6.66667000000000d-01
-4.29707000000000d+00
-2.41280000000000d+00
-2.71835000000000d+01
2.93511000000000d+01
-4.90371000000000d+00
3.76759000000000d-01
4.85028000000000d-01
1.78400000000000d+01
0.00000000000000d+00
0.00000000000000d+00
2.10552000000000d+00
-3.18695000000000d-01
2.57496000000000d-02
0.00000000000000d+00
1.80785000000000d+01
0.00000000000000d+00
0.00000000000000d+00
9.42981000000000d-01
-1.04624000000000d-01
7.23421000000000d-03
0.00000000000000d+00
-1.31755000000000d+02
3.44391000000000d+00
-2.93089000000000d+02
4.14404000000000d+02
-2.80562000000000d+01
1.61807000000000d+00
-1.78280000000000d+02
4.91273000000000d+01
0.00000000000000d+00
-5.93989000000000d+01
5.29139000000000d-01
-8.85635000000000d-01
6.64556000000000d-02
-6.66667000000000d-01
1.83359000000000d+01
0.00000000000000d+00
0.00000000000000d+00
1.88379000000000d+00
-3.30243000000000d-01
2.39836000000000d-02
0.00000000000000d+00
4.98130000000000d+01
0.00000000000000d+00
-6.24643000000000d+01
4.92934000000000d-01
-8.41855000000000d-01
5.92630000000000d-02
-6.66667000000000d-01
-1.08930000000000d+01
-3.42575000000000d+00
0.00000000000000d+00
2.15210000000000d+01
-1.90355000000000d+00
9.27240000000000d-02
-1.50000000000000d+00
-1.29190000000000d+01
-1.87716000000000d+00
0.00000000000000d+00
0.00000000000000d+00
0.00000000000000d+00
0.00000000000000d+00
-1.50000000000000d+00
6.08829000000000d+01
0.00000000000000d+00
-3.19320000000000d+01
-7.70334000000000d+01
-4.36847000000000d+01
-4.28955000000000d+00
-6.66667000000000d-01
4.90993000000000d+01
0.00000000000000d+00
-6.25433000000000d+01
1.69339000000000d+00
-1.27872000000000d+00
1.06616000000000d-01
-6.66667000000000d-01
8.22940000000000d+01
-3.56696000000000d+00
1.24605000000000d+02
-2.06844000000000d+02
1.10016000000000d+01
-6.12898000000000d-01
1.04905000000000d+02
1.18233000000000d+02
-3.89928000000000d+00
1.60025000000000d+02
-2.85126000000000d+02
1.63226000000000d+01
-9.28477000000000d-01
1.38458000000000d+02
1.77037000000000d+01
0.00000000000000d+00
0.00000000000000d+00
2.15006000000000d+00
-3.00369000000000d-01
2.29589000000000d-02
0.00000000000000d+00
1.80599000000000d+01
0.00000000000000d+00
0.00000000000000d+00
1.12938000000000d+00
-1.22539000000000d-01
4.24404000000000d-03
0.00000000000000d+00
-9.47538000000000d-01
0.00000000000000d+00
0.00000000000000d+00
9.48125000000000d+00
4.47200000000000d-01
-1.19237000000000d-01
0.00000000000000d+00
1.71798000000000d+01
0.00000000000000d+00
0.00000000000000d+00
-7.25571000000000d-01
4.30731000000000d-01
-3.23663000000000d-02
0.00000000000000d+00
1.85358000000000d+01
-5.37288000000000d+01
0.00000000000000d+00
-1.69894000000000d+00
3.71187000000000d-01
-4.57242000000000d-02
1.00000000000000d+00
1.85358000000000d+01
-5.37288000000000d+01
0.00000000000000d+00
5.22368000000000d-01
-1.03944000000000d+00
1.42735000000000d-01
0.00000000000000d+00
8.08229000000000d+01
-3.52081000000000d+01
-4.75185000000000d+01
-3.20460000000000d+01
4.43077000000000d+00
-3.68628000000000d-01
-6.66667000000000d-01
-3.20685000000000d+01
0.00000000000000d+00
0.00000000000000d+00
3.51367000000000d+01
-3.30169000000000d+00
1.50699000000000d-01
0.00000000000000d+00
2.29121000000000d+00
-6.00976000000000d+00
0.00000000000000d+00
5.33756000000000d+00
1.64418000000000d+00
-2.46167000000000d-01
-1.50000000000000d+00
-1.01202000000000d+00
-3.93495000000000d+00
0.00000000000000d+00
0.00000000000000d+00
0.00000000000000d+00
0.00000000000000d+00
-1.50000000000000d+00
-5.75294000000000d+01
-5.32931000000000d-01
0.00000000000000d+00
2.55338000000000d+01
6.45824000000000d+00
-9.50294000000000d-01
-1.50000000000000d+00
3.21200000000000d+01
0.00000000000000d+00
-3.09147000000000d+01
-1.23450000000000d+00
2.25118000000000d+01
-3.30589000000000d+01
-6.66667000000000d-01
5.11272000000000d+01
0.00000000000000d+00
-6.82848000000000d+01
2.59930000000000d+00
-1.59144000000000d+00
1.37745000000000d-01
-6.66667000000000d-01
2.46393000000000d+01
0.00000000000000d+00
-2.79044000000000d+01
7.06482000000000d+00
-1.77458000000000d+00
1.92878000000000d-01
-6.66667000000000d-01
-2.26757000000000d+01
0.00000000000000d+00
0.00000000000000d+00
3.47356000000000d+01
-5.07910000000000d+00
3.81814000000000d-01
0.00000000000000d+00
3.04033000000000d+00
0.00000000000000d+00
0.00000000000000d+00
5.44923000000000d+00
1.17359000000000d+00
-1.75811000000000d-01
0.00000000000000d+00
1.62094000000000d+01
0.00000000000000d+00
0.00000000000000d+00
1.64495000000000d+00
-1.54677000000000d-01
8.33470000000000d-03
0.00000000000000d+00
-1.83419000000000d+01
0.00000000000000d+00
0.00000000000000d+00
2.03122000000000d+01
-3.71490000000000d-01
-8.67942000000000d-02
0.00000000000000d+00
2.05166000000000d+01
0.00000000000000d+00
-3.00732000000000d+01
7.03263000000000d+00
-1.10085000000000d+00
1.33768000000000d-01
-6.66667000000000d-01
1.60992000000000d+01
0.00000000000000d+00
0.00000000000000d+00
-8.64250000000000d-01
6.46211000000000d-01
-5.83195000000000d-02
0.00000000000000d+00
3.21312000000000d+01
0.00000000000000d+00
-3.00795000000000d+01
2.76095000000000d+00
-1.51745000000000d+00
1.91236000000000d-01
-6.66667000000000d-01
2.37792000000000d+01
0.00000000000000d+00
-3.00795000000000d+01
8.28189000000000d+00
-2.15178000000000d+00
2.42064000000000d-01
-6.66667000000000d-01
4.33098000000000d+01
0.00000000000000d+00
-7.38580000000000d+01
1.61645000000000d+01
-5.93343000000000d+00
6.50563000000000d-01
-6.66667000000000d-01
8.69806000000000d+00
-1.39718000000000d+01
0.00000000000000d+00
6.52588000000000d+00
-1.55272000000000d+00
1.50334000000000d-01
1.00000000000000d+00
1.59784000000000d+01
-1.39718000000000d+01
0.00000000000000d+00
-2.82146000000000d+00
1.71734000000000d+00
-1.87775000000000d-01
0.00000000000000d+00
4.78547000000000d+01
0.00000000000000d+00
-3.59098000000000d+01
-7.72020000000000d+00
5.03143000000000d-01
-4.95391000000000d-02
-6.66667000000000d-01
1.28237000000000d+01
-3.93393000000000d+01
0.00000000000000d+00
-7.79828000000000d+00
4.55188000000000d+00
-6.67478000000000d-01
1.00000000000000d+00
1.24167000000000d+01
-3.93393000000000d+01
0.00000000000000d+00
-2.89121000000000d+00
2.26347000000000d+00
-2.51579000000000d-01
0.00000000000000d+00
5.55000000000000d+01
0.00000000000000d+00
-7.39000000000000d+01
-4.10794000000000d-01
3.65336000000000d-01
-6.07187000000000d-01
-6.66667000000000d-01
4.87841000000000d+01
0.00000000000000d+00
-7.39000000000000d+01
5.43181000000000d+00
-2.12763000000000d+00
1.34461000000000d-01
3.33333000000000d-01
-9.43576000000000d+00
0.00000000000000d+00
0.00000000000000d+00
1.38882000000000d+01
2.60223000000000d-01
-1.08063000000000d-01
0.00000000000000d+00
1.87191000000000d+01
0.00000000000000d+00
0.00000000000000d+00
-1.57116000000000d+00
4.43290000000000d-01
-2.27666000000000d-02
0.00000000000000d+00
-7.82120000000000d+01
0.00000000000000d+00
-3.11381000000000d+01
1.17868000000000d+02
-2.70455000000000d+01
2.75661000000000d+00
-6.66667000000000d-01
5.34643000000000d+01
0.00000000000000d+00
-7.65897000000000d+01
3.69244000000000d+00
-1.90131000000000d+00
1.71994000000000d-01
-6.66667000000000d-01
1.94535000000000d+01
0.00000000000000d+00
0.00000000000000d+00
-4.94422000000000d-01
2.61414000000000d-01
-2.85528000000000d-02
0.00000000000000d+00
1.03424000000000d+01
0.00000000000000d+00
0.00000000000000d+00
-6.53091000000000d-01
1.79632000000000d+00
-1.92160000000000d-01
0.00000000000000d+00
3.48559000000000d+01
0.00000000000000d+00
-3.21734000000000d+01
2.96879000000000d-02
-9.52320000000000d-01
1.29022000000000d-01
-6.66667000000000d-01
5.73723000000000d+01
0.00000000000000d+00
-7.91220000000000d+01
-4.95539000000000d-01
-6.18414000000000d-01
1.75873000000000d-02
-6.66667000000000d-01
2.09033000000000d+01
0.00000000000000d+00
0.00000000000000d+00
-1.95318000000000d+00
3.26277000000000d-01
-2.05095000000000d-02
0.00000000000000d+00
1.91020000000000d+01
0.00000000000000d+00
-3.21790000000000d+01
1.38907000000000d+01
-3.30408000000000d+00
3.32186000000000d-01
-6.66667000000000d-01
5.95285000000000d+01
0.00000000000000d+00
-7.91731000000000d+01
-3.93328000000000d+00
1.12908000000000d-01
-3.85366000000000d-02
-6.66667000000000d-01
1.78284000000000d+01
0.00000000000000d+00
-3.21843000000000d+01
1.40733000000000d+01
-3.38786000000000d+00
3.49494000000000d-01
-6.66667000000000d-01
5.72070000000000d+01
0.00000000000000d+00
-7.92220000000000d+01
7.10184000000000d-02
-1.47173000000000d+00
1.59440000000000d-01
-6.66667000000000d-01
1.02889000000000d+01
0.00000000000000d+00
0.00000000000000d+00
4.34910000000000d+00
4.21585000000000d-01
-8.55256000000000d-02
0.00000000000000d+00
7.51125000000000d+00
0.00000000000000d+00
0.00000000000000d+00
2.68094000000000d+00
1.34285000000000d+00
-1.81340000000000d-01
0.00000000000000d+00
-7.65154000000000d+01
-1.07931000000000d+01
0.00000000000000d+00
7.02835000000000d+01
-7.99061000000000d+00
4.86213000000000d-01
-1.50000000000000d+00
2.02443000000000d+01
0.00000000000000d+00
0.00000000000000d+00
-1.61820000000000d+00
5.77281000000000d-01
-5.82774000000000d-02
0.00000000000000d+00
1.64413000000000d+01
0.00000000000000d+00
0.00000000000000d+00
-1.31041000000000d+00
5.16347000000000d-01
-1.89198000000000d-02
0.00000000000000d+00
5.41979000000000d+01
0.00000000000000d+00
-8.17175000000000d+01
5.07471000000000d+00
-2.34907000000000d+00
2.26169000000000d-01
-6.66667000000000d-01
-3.94695000000000d+00
0.00000000000000d+00
0.00000000000000d+00
4.65040000000000d+00
2.25932000000000d+00
-2.86843000000000d-01
0.00000000000000d+00
2.03911000000000d+01
0.00000000000000d+00
0.00000000000000d+00
-8.97943000000000d-01
2.33018000000000d-01
-1.70844000000000d-02
0.00000000000000d+00
-3.44416000000000d+01
0.00000000000000d+00
0.00000000000000d+00
3.17430000000000d+01
-1.66241000000000d+00
-2.78854000000000d-02
0.00000000000000d+00
5.99106000000000d+01
0.00000000000000d+00
-8.42732000000000d+01
-1.10027000000000d+00
-4.87084000000000d-01
4.53269000000000d-03
-6.66667000000000d-01
1.95486000000000d+01
0.00000000000000d+00
0.00000000000000d+00
-3.07045000000000d-01
6.15476000000000d-02
-1.72407000000000d-03
0.00000000000000d+00
-5.87552000000000d+00
0.00000000000000d+00
0.00000000000000d+00
8.18067000000000d+00
1.50465000000000d+00
-2.24564000000000d-01
0.00000000000000d+00
6.09483000000000d+01
0.00000000000000d+00
-8.43192000000000d+01
-1.84683000000000d+00
-4.59124000000000d-01
7.00566000000000d-03
-6.66667000000000d-01
-2.00996000000000d+01
0.00000000000000d+00
-3.42170000000000d+01
4.72584000000000d+01
-9.18871000000000d+00
8.78230000000000d-01
-6.66667000000000d-01
5.74280000000000d+01
0.00000000000000d+00
-8.43633000000000d+01
2.73419000000000d+00
-2.05655000000000d+00
2.03834000000000d-01
-6.66667000000000d-01
1.69000000000000d+01
0.00000000000000d+00
0.00000000000000d+00
7.83544000000000d-01
5.21131000000000d-01
-6.77724000000000d-02
0.00000000000000d+00
-2.74028000000000d+01
0.00000000000000d+00
0.00000000000000d+00
2.93634000000000d+01
-2.63599000000000d+00
1.59116000000000d-01
0.00000000000000d+00
5.92276000000000d+01
0.00000000000000d+00
-8.67459000000000d+01
1.05653000000000d+00
-1.15757000000000d+00
8.77546000000000d-02
-6.66667000000000d-01
2.11065000000000d+01
0.00000000000000d+00
0.00000000000000d+00
-1.62261000000000d+00
5.07111000000000d-01
-4.92268000000000d-02
0.00000000000000d+00
1.34786000000000d+01
0.00000000000000d+00
0.00000000000000d+00
-2.81456000000000d+00
1.61029000000000d+00
-1.38467000000000d-01
0.00000000000000d+00
5.25075000000000d+01
0.00000000000000d+00
-8.67913000000000d+01
1.06892000000000d+01
-4.01586000000000d+00
4.11275000000000d-01
-6.66667000000000d-01
-1.08708000000000d+02
0.00000000000000d+00
0.00000000000000d+00
1.04649000000000d+02
-1.53856000000000d+01
1.13897000000000d+00
0.00000000000000d+00
-3.04828000000000d-01
0.00000000000000d+00
0.00000000000000d+00
1.94389000000000d+00
2.58710000000000d+00
-3.07303000000000d-01
0.00000000000000d+00
2.09820000000000d+01
0.00000000000000d+00
0.00000000000000d+00
-1.37768000000000d+00
4.66991000000000d-01
-4.61074000000000d-02
0.00000000000000d+00
-2.38508000000000d+01
0.00000000000000d+00
0.00000000000000d+00
2.08632000000000d+01
4.66645000000000d-01
-1.96969000000000d-01
0.00000000000000d+00
6.22777000000000d+01
0.00000000000000d+00
-8.92740000000000d+01
-8.62452000000000d-01
-6.35672000000000d-01
1.96464000000000d-02
-6.66667000000000d-01
1.79487000000000d+01
0.00000000000000d+00
0.00000000000000d+00
5.05990000000000d-01
2.83832000000000d-01
-4.22814000000000d-02
0.00000000000000d+00
-2.29492000000000d+00
0.00000000000000d+00
0.00000000000000d+00
5.72895000000000d+00
1.74506000000000d+00
-2.32362000000000d-01
0.00000000000000d+00
5.66689000000000d+01
0.00000000000000d+00
-8.93157000000000d+01
5.65639000000000d+00
-2.28952000000000d+00
1.86017000000000d-01
-6.66667000000000d-01
-6.83424000000000d+01
0.00000000000000d+00
-3.61913000000000d+01
9.90857000000000d+01
-2.08943000000000d+01
2.06209000000000d+00
-6.66667000000000d-01
5.40176000000000d+01
0.00000000000000d+00
-8.93558000000000d+01
9.25287000000000d+00
-3.70352000000000d+00
3.72202000000000d-01
-6.66667000000000d-01
-4.06329000000000d+01
0.00000000000000d+00
-3.61955000000000d+01
6.95086000000000d+01
-1.41484000000000d+01
1.38598000000000d+00
-6.66667000000000d-01
1.79485000000000d+01
0.00000000000000d+00
0.00000000000000d+00
5.69856000000000d-01
3.90117000000000d-01
-4.79043000000000d-02
0.00000000000000d+00
-1.11596000000000d+01
0.00000000000000d+00
0.00000000000000d+00
1.43781000000000d+01
8.59569000000000d-02
-9.00604000000000d-02
0.00000000000000d+00
6.22207000000000d+01
0.00000000000000d+00
-9.16819000000000d+01
-3.29235000000000d-01
-7.80924000000000d-01
4.25179000000000d-02
-6.66667000000000d-01
2.11239000000000d+01
0.00000000000000d+00
0.00000000000000d+00
-1.19445000000000d+00
3.93603000000000d-01
-4.04022000000000d-02
0.00000000000000d+00
1.10250000000000d+01
0.00000000000000d+00
0.00000000000000d+00
-1.46952000000000d-01
1.12217000000000d+00
-1.03180000000000d-01
0.00000000000000d+00
5.48614000000000d+01
0.00000000000000d+00
-9.17231000000000d+01
1.00520000000000d+01
-3.86332000000000d+00
3.91105000000000d-01
-6.66667000000000d-01
-4.31319000000000d+01
0.00000000000000d+00
0.00000000000000d+00
5.19922000000000d+01
-7.26639000000000d+00
5.02147000000000d-01
0.00000000000000d+00
-8.30822000000000d+01
0.00000000000000d+00
0.00000000000000d+00
7.76519000000000d+01
-9.70923000000000d+00
6.25406000000000d-01
0.00000000000000d+00
1.06453000000000d+01
0.00000000000000d+00
0.00000000000000d+00
-4.54346000000000d+00
2.79557000000000d+00
-2.73997000000000d-01
0.00000000000000d+00
2.07398000000000d+01
0.00000000000000d+00
0.00000000000000d+00
-1.62382000000000d+00
5.81150000000000d-01
-5.37057000000000d-02
0.00000000000000d+00
-1.25469000000000d+01
0.00000000000000d+00
0.00000000000000d+00
8.15876000000000d+00
3.05978000000000d+00
-4.06535000000000d-01
0.00000000000000d+00
6.02281000000000d+01
0.00000000000000d+00
-9.41404000000000d+01
3.39179000000000d+00
-1.71062000000000d+00
1.33003000000000d-01
-6.66667000000000d-01
2.04539000000000d+01
0.00000000000000d+00
0.00000000000000d+00
-1.13331000000000d+00
3.47185000000000d-01
-3.28879000000000d-02
0.00000000000000d+00
1.25672000000000d+01
0.00000000000000d+00
0.00000000000000d+00
-2.81854000000000d+00
1.84188000000000d+00
-1.64509000000000d-01
0.00000000000000d+00
-3.05739000000000d+01
0.00000000000000d+00
0.00000000000000d+00
2.64125000000000d+01
-1.37701000000000d-01
-1.84911000000000d-01
0.00000000000000d+00
-2.19620000000000d+00
0.00000000000000d+00
-3.81133000000000d+01
2.93541000000000d+01
-4.75966000000000d+00
4.04180000000000d-01
-6.66667000000000d-01
1.55693000000000d+01
0.00000000000000d+00
0.00000000000000d+00
1.76846000000000d+00
1.97992000000000d-01
-1.74940000000000d-02
0.00000000000000d+00
-7.84393000000000d+00
0.00000000000000d+00
0.00000000000000d+00
6.43259000000000d+00
2.29591000000000d+00
-2.54724000000000d-01
0.00000000000000d+00
1.99939000000000d+01
0.00000000000000d+00
0.00000000000000d+00
-1.13177000000000d+00
5.68750000000000d-01
-5.79913000000000d-02
0.00000000000000d+00
1.45327000000000d+01
0.00000000000000d+00
0.00000000000000d+00
4.85620000000000d-01
-2.49302000000000d-02
5.09605000000000d-02
0.00000000000000d+00
-2.03901000000000d+00
0.00000000000000d+00
0.00000000000000d+00
3.44996000000000d+00
2.98226000000000d+00
-3.87699000000000d-01
0.00000000000000d+00
2.12361000000000d+01
0.00000000000000d+00
-4.87200000000000d+00
-1.72398000000000d+00
6.84775000000000d-01
-7.02582000000000d-02
3.33333000000000d-01
2.12361000000000d+01
0.00000000000000d+00
-4.87200000000000d+00
-3.28579000000000d-02
-1.13588000000000d+00
2.50064000000000d-01
-6.66667000000000d-01
2.27658000000000d+01
0.00000000000000d+00
-7.73300000000000d+00
-1.18902000000000d-01
-2.67393000000000d-01
2.75387000000000d-02
-6.66667000000000d-01
2.47788000000000d+01
0.00000000000000d+00
-1.22770000000000d+01
-1.03699000000000d-01
-6.49967000000000d-02
1.68191000000000d-02
-6.66667000000000d-01
-1.17884000000000d+01
-1.02446000000000d+00
-2.35700000000000d+01
2.04886000000000d+01
-1.29882000000000d+01
-2.00000000000000d+01
-2.16667000000000d+00
-9.71052000000000d-01
0.00000000000000d+00
-3.70600000000000d+01
2.93493000000000d+01
-1.15507000000000d+02
-1.00000000000000d+01
-1.33333000000000d+00
-2.43505000000000d+01
-4.12656000000000d+00
-1.34900000000000d+01
2.14259000000000d+01
-1.34769000000000d+00
8.79816000000000d-02
-1.31653000000000d+01
-4.24034000000000d+00
0.00000000000000d+00
-3.72000000000000d+00
9.46313000000000d-01
1.05406000000000d-01
-1.49431000000000d-02
-1.50000000000000d+00
1
2
3
4
5
6
7
8
9
10
11
12
13
14
15
16
17
18
19
20
21
22
23
24
25
26
27
28
29
30
31
32
33
34
35
38
39
40
42
44
45
46
48
49
51
52
55
59
61
64
66
68
72
74
77
78
79
80
81
82
84
88
92
94
95
98
99
101
104
105
106
107
108
109
111
113
114
117
118
121
123
124
127
128
130
133
134
135
136
137
138
140
141
143
146
147
150
151
152
154
156
159
160
161
162
163
164
165
166
167
168
170
172
176
177
178
179
180
181
182
183
184
185
186
187
188
190
191
192
193
194
195
197
198
200
201
202
203
205
206
207
208
209
210
211
212
213
214
215
216
217
218
219
220
221
222
223
224
225
226
227
228
229
230
231
232
233
237
238
239
240
241
242
243
244
245
246
247
248
249
250
251
252
253
254
255
256
257
258
259
260
261
262
263
264
265
266
267
268
269
270
271
272
273
274
275
276
277
278
279
280
281
282
283
284
286
288
290
291
292
293
297
298
299
300
301
302
306
309
313
316
318
323
324
325
326
327
328
329
330
331
333
335
336
337
340
341
342
343
344
345
346
347
349
351
354
357
358
361
363
364
365
367
368
369
370
371
372
373
374
377
378
379
380
381
382
383
384
386
387
388
392
393
394
395
396
397
398
399
400
401
402
403
405
406
408
410
411
412
413
414
415
416
417
418
419
420
421
422
423
424
425
426
427
428
429
430
431
432
433
434
435
436
437
438
439
440
441
442
443
444
445
446
447
448
449
450
451
452
453
454
455
456
457
458
459
460
461
462
463
464
465
466
467
468
469
470
471
472
473
474
475
476
478
479
480
483
0
0
0
0
0
0
0
0
0
0
0
0
0
0
0
0
0
0
0
0
0
0
0
0
0
0
0
0
0
0
0
0
0
0
2
0
0
1
1
0
0
1
0
1
0
2
3
1
2
1
1
3
1
2
0
0
0
0
0
1
3
3
1
0
2
0
1
2
0
0
0
0
0
1
1
0
2
0
2
1
0
2
0
1
2
0
0
0
0
0
1
0
1
2
0
2
0
0
1
1
2
0
0
0
0
0
0
0
0
0
1
1
3
0
0
0
0
0
0
0
0
0
0
0
0
1
0
0
0
0
0
1
0
1
0
0
0
1
0
0
0
0
0
0
0
0
0
0
0
0
0
0
0
0
0
0
0
0
0
0
0
0
0
0
0
0
3
0
0
0
0
0
0
0
0
0
0
0
0
0
0
0
0
0
0
0
0
0
0
0
0
0
0
0
0
0
0
0
0
0
0
0
0
0
0
0
0
0
0
0
0
0
0
0
1
1
1
0
0
0
3
0
0
0
0
0
3
2
3
2
1
4
0
0
0
0
0
0
0
0
1
1
0
0
2
0
0
0
0
0
0
0
1
1
2
2
0
2
1
0
0
1
0
0
0
0
0
0
0
2
0
0
0
0
0
0
0
1
0
0
3
0
0
0
0
0
0
0
0
0
0
0
1
0
1
1
0
0
0
0
0
0
0
0
0
0
0
0
0
0
0
0
0
0
0
0
0
0
0
0
0
0
0
0
0
0
0
0
0
0
0
0
0
0
0
0
0
0
0
0
0
0
0
0
0
0
0
0
0
0
0
0
0
0
0
0
0
0
0
0
0
0
1
0
0
2
0
