# n
7.57575757575758d-03 7.57575757575758d-03 7.57575757575758d-03 7.57575757575758d-03 7.57575757575758d-03 7.57575757575758d-03 7.57575757575758d-03 7.57575757575758d-03 7.57575757575758d-03 7.57575757575758d-03 7.57575757575758d-03 7.57575757575758d-03 7.57575757575758d-03 7.57575757575758d-03 7.57575757575758d-03 7.57575757575758d-03
#
# p
7.57575757575758d-03 7.57575757575758d-03 7.57575757575758d-03 7.57575757575758d-03 7.57575757575758d-03 7.57575757575758d-03 7.57575757575758d-03 7.57575757575758d-03 7.57575757575758d-03 7.57575757575758d-03 7.57575757575758d-03 7.57575757575758d-03 7.57575757575758d-03 7.57575757575758d-03 7.57575757575758d-03 7.57575757575758d-03
#
# d
7.57575757575758d-03 7.57575757575758d-03 7.57575757575758d-03 7.57575757575758d-03 7.57575757575758d-03 7.57575757575758d-03 7.57575757575758d-03 7.57575757575758d-03 7.57575757575758d-03 7.57575757575758d-03 7.57575757575758d-03 7.57575757575758d-03 7.57575757575758d-03 7.57575757575758d-03 7.57575757575758d-03 7.57575757575758d-03
#
# t
7.57575757575758d-03 7.57575757575758d-03 7.57575757575758d-03 7.57575757575758d-03 7.57575757575758d-03 7.57575757575758d-03 7.57575757575758d-03 7.57575757575758d-03 7.57575757575758d-03 7.57575757575758d-03 7.57575757575758d-03 7.57575757575758d-03 7.57575757575758d-03 7.57575757575758d-03 7.57575757575758d-03 7.57575757575758d-03
#
# he3
7.57575757575758d-03 7.57575757575758d-03 7.57575757575758d-03 7.57575757575758d-03 7.57575757575758d-03 7.57575757575758d-03 7.57575757575758d-03 7.57575757575758d-03 7.57575757575758d-03 7.57575757575758d-03 7.57575757575758d-03 7.57575757575758d-03 7.57575757575758d-03 7.57575757575758d-03 7.57575757575758d-03 7.57575757575758d-03
#
# he4
7.57575757575758d-03 7.57575757575758d-03 7.57575757575758d-03 7.57575757575758d-03 7.57575757575758d-03 7.57575757575758d-03 7.57575757575758d-03 7.57575757575758d-03 7.57575757575758d-03 7.57575757575758d-03 7.57575757575758d-03 7.57575757575758d-03 7.57575757575758d-03 7.57575757575758d-03 7.57575757575758d-03 7.57575757575758d-03
#
# c12
7.57575757575758d-03 7.57575757575758d-03 7.57575757575758d-03 7.57575757575758d-03 7.57575757575758d-03 7.57575757575758d-03 7.57575757575758d-03 7.57575757575758d-03 7.57575757575758d-03 7.57575757575758d-03 7.57575757575758d-03 7.57575757575758d-03 7.57575757575758d-03 7.57575757575758d-03 7.57575757575758d-03 7.57575757575758d-03
#
# c13
7.57575757575758d-03 7.57575757575758d-03 7.57575757575758d-03 7.57575757575758d-03 7.57575757575758d-03 7.57575757575758d-03 7.57575757575758d-03 7.57575757575758d-03 7.57575757575758d-03 7.57575757575758d-03 7.57575757575758d-03 7.57575757575758d-03 7.57575757575758d-03 7.57575757575758d-03 7.57575757575758d-03 7.57575757575758d-03
#
# c14
7.57575757575758d-03 7.57575757575758d-03 7.57575757575758d-03 7.57575757575758d-03 7.57575757575758d-03 7.57575757575758d-03 7.57575757575758d-03 7.57575757575758d-03 7.57575757575758d-03 7.57575757575758d-03 7.57575757575758d-03 7.57575757575758d-03 7.57575757575758d-03 7.57575757575758d-03 7.57575757575758d-03 7.57575757575758d-03
#
# n13
7.57575757575758d-03 7.57575757575758d-03 7.57575757575758d-03 7.57575757575758d-03 7.57575757575758d-03 7.57575757575758d-03 7.57575757575758d-03 7.57575757575758d-03 7.57575757575758d-03 7.57575757575758d-03 7.57575757575758d-03 7.57575757575758d-03 7.57575757575758d-03 7.57575757575758d-03 7.57575757575758d-03 7.57575757575758d-03
#
# n14
7.57575757575758d-03 7.57575757575758d-03 7.57575757575758d-03 7.57575757575758d-03 7.57575757575758d-03 7.57575757575758d-03 7.57575757575758d-03 7.57575757575758d-03 7.57575757575758d-03 7.57575757575758d-03 7.57575757575758d-03 7.57575757575758d-03 7.57575757575758d-03 7.57575757575758d-03 7.57575757575758d-03 7.57575757575758d-03
#
# n15
7.57575757575758d-03 7.57575757575758d-03 7.57575757575758d-03 7.57575757575758d-03 7.57575757575758d-03 7.57575757575758d-03 7.57575757575758d-03 7.57575757575758d-03 7.57575757575758d-03 7.57575757575758d-03 7.57575757575758d-03 7.57575757575758d-03 7.57575757575758d-03 7.57575757575758d-03 7.57575757575758d-03 7.57575757575758d-03
#
# o16
7.57575757575758d-03 7.57575757575758d-03 7.57575757575758d-03 7.57575757575758d-03 7.57575757575758d-03 7.57575757575758d-03 7.57575757575758d-03 7.57575757575758d-03 7.57575757575758d-03 7.57575757575758d-03 7.57575757575758d-03 7.57575757575758d-03 7.57575757575758d-03 7.57575757575758d-03 7.57575757575758d-03 7.57575757575758d-03
#
# o17
7.57575757575758d-03 7.57575757575758d-03 7.57575757575758d-03 7.57575757575758d-03 7.57575757575758d-03 7.57575757575758d-03 7.57575757575758d-03 7.57575757575758d-03 7.57575757575758d-03 7.57575757575758d-03 7.57575757575758d-03 7.57575757575758d-03 7.57575757575758d-03 7.57575757575758d-03 7.57575757575758d-03 7.57575757575758d-03
#
# o18
7.57575757575758d-03 7.57575757575758d-03 7.57575757575758d-03 7.57575757575758d-03 7.57575757575758d-03 7.57575757575758d-03 7.57575757575758d-03 7.57575757575758d-03 7.57575757575758d-03 7.57575757575758d-03 7.57575757575758d-03 7.57575757575758d-03 7.57575757575758d-03 7.57575757575758d-03 7.57575757575758d-03 7.57575757575758d-03
#
# o19
7.57575757575758d-03 7.57575757575758d-03 7.57575757575758d-03 7.57575757575758d-03 7.57575757575758d-03 7.57575757575758d-03 7.57575757575758d-03 7.57575757575758d-03 7.57575757575758d-03 7.57575757575758d-03 7.57575757575758d-03 7.57575757575758d-03 7.57575757575758d-03 7.57575757575758d-03 7.57575757575758d-03 7.57575757575758d-03
#
# o20
7.57575757575758d-03 7.57575757575758d-03 7.57575757575758d-03 7.57575757575758d-03 7.57575757575758d-03 7.57575757575758d-03 7.57575757575758d-03 7.57575757575758d-03 7.57575757575758d-03 7.57575757575758d-03 7.57575757575758d-03 7.57575757575758d-03 7.57575757575758d-03 7.57575757575758d-03 7.57575757575758d-03 7.57575757575758d-03
#
# f18
7.57575757575758d-03 7.57575757575758d-03 7.57575757575758d-03 7.57575757575758d-03 7.57575757575758d-03 7.57575757575758d-03 7.57575757575758d-03 7.57575757575758d-03 7.57575757575758d-03 7.57575757575758d-03 7.57575757575758d-03 7.57575757575758d-03 7.57575757575758d-03 7.57575757575758d-03 7.57575757575758d-03 7.57575757575758d-03
#
# f19
7.57575757575758d-03 7.57575757575758d-03 7.57575757575758d-03 7.57575757575758d-03 7.57575757575758d-03 7.57575757575758d-03 7.57575757575758d-03 7.57575757575758d-03 7.57575757575758d-03 7.57575757575758d-03 7.57575757575758d-03 7.57575757575758d-03 7.57575757575758d-03 7.57575757575758d-03 7.57575757575758d-03 7.57575757575758d-03
#
# f20
7.57575757575758d-03 7.57575757575758d-03 7.57575757575758d-03 7.57575757575758d-03 7.57575757575758d-03 7.57575757575758d-03 7.57575757575758d-03 7.57575757575758d-03 7.57575757575758d-03 7.57575757575758d-03 7.57575757575758d-03 7.57575757575758d-03 7.57575757575758d-03 7.57575757575758d-03 7.57575757575758d-03 7.57575757575758d-03
#
# f21
7.57575757575758d-03 7.57575757575758d-03 7.57575757575758d-03 7.57575757575758d-03 7.57575757575758d-03 7.57575757575758d-03 7.57575757575758d-03 7.57575757575758d-03 7.57575757575758d-03 7.57575757575758d-03 7.57575757575758d-03 7.57575757575758d-03 7.57575757575758d-03 7.57575757575758d-03 7.57575757575758d-03 7.57575757575758d-03
#
# ne19
7.57575757575758d-03 7.57575757575758d-03 7.57575757575758d-03 7.57575757575758d-03 7.57575757575758d-03 7.57575757575758d-03 7.57575757575758d-03 7.57575757575758d-03 7.57575757575758d-03 7.57575757575758d-03 7.57575757575758d-03 7.57575757575758d-03 7.57575757575758d-03 7.57575757575758d-03 7.57575757575758d-03 7.57575757575758d-03
#
# ne20
7.57575757575758d-03 7.57575757575758d-03 7.57575757575758d-03 7.57575757575758d-03 7.57575757575758d-03 7.57575757575758d-03 7.57575757575758d-03 7.57575757575758d-03 7.57575757575758d-03 7.57575757575758d-03 7.57575757575758d-03 7.57575757575758d-03 7.57575757575758d-03 7.57575757575758d-03 7.57575757575758d-03 7.57575757575758d-03
#
# ne21
7.57575757575758d-03 7.57575757575758d-03 7.57575757575758d-03 7.57575757575758d-03 7.57575757575758d-03 7.57575757575758d-03 7.57575757575758d-03 7.57575757575758d-03 7.57575757575758d-03 7.57575757575758d-03 7.57575757575758d-03 7.57575757575758d-03 7.57575757575758d-03 7.57575757575758d-03 7.57575757575758d-03 7.57575757575758d-03
#
# ne22
7.57575757575758d-03 7.57575757575758d-03 7.57575757575758d-03 7.57575757575758d-03 7.57575757575758d-03 7.57575757575758d-03 7.57575757575758d-03 7.57575757575758d-03 7.57575757575758d-03 7.57575757575758d-03 7.57575757575758d-03 7.57575757575758d-03 7.57575757575758d-03 7.57575757575758d-03 7.57575757575758d-03 7.57575757575758d-03
#
# ne23
7.57575757575758d-03 7.57575757575758d-03 7.57575757575758d-03 7.57575757575758d-03 7.57575757575758d-03 7.57575757575758d-03 7.57575757575758d-03 7.57575757575758d-03 7.57575757575758d-03 7.57575757575758d-03 7.57575757575758d-03 7.57575757575758d-03 7.57575757575758d-03 7.57575757575758d-03 7.57575757575758d-03 7.57575757575758d-03
#
# ne24
7.57575757575758d-03 7.57575757575758d-03 7.57575757575758d-03 7.57575757575758d-03 7.57575757575758d-03 7.57575757575758d-03 7.57575757575758d-03 7.57575757575758d-03 7.57575757575758d-03 7.57575757575758d-03 7.57575757575758d-03 7.57575757575758d-03 7.57575757575758d-03 7.57575757575758d-03 7.57575757575758d-03 7.57575757575758d-03
#
# na20
7.57575757575758d-03 7.57575757575758d-03 7.57575757575758d-03 7.57575757575758d-03 7.57575757575758d-03 7.57575757575758d-03 7.57575757575758d-03 7.57575757575758d-03 7.57575757575758d-03 7.57575757575758d-03 7.57575757575758d-03 7.57575757575758d-03 7.57575757575758d-03 7.57575757575758d-03 7.57575757575758d-03 7.57575757575758d-03
#
# na21
7.57575757575758d-03 7.57575757575758d-03 7.57575757575758d-03 7.57575757575758d-03 7.57575757575758d-03 7.57575757575758d-03 7.57575757575758d-03 7.57575757575758d-03 7.57575757575758d-03 7.57575757575758d-03 7.57575757575758d-03 7.57575757575758d-03 7.57575757575758d-03 7.57575757575758d-03 7.57575757575758d-03 7.57575757575758d-03
#
# na22
7.57575757575758d-03 7.57575757575758d-03 7.57575757575758d-03 7.57575757575758d-03 7.57575757575758d-03 7.57575757575758d-03 7.57575757575758d-03 7.57575757575758d-03 7.57575757575758d-03 7.57575757575758d-03 7.57575757575758d-03 7.57575757575758d-03 7.57575757575758d-03 7.57575757575758d-03 7.57575757575758d-03 7.57575757575758d-03
#
# na23
7.57575757575758d-03 7.57575757575758d-03 7.57575757575758d-03 7.57575757575758d-03 7.57575757575758d-03 7.57575757575758d-03 7.57575757575758d-03 7.57575757575758d-03 7.57575757575758d-03 7.57575757575758d-03 7.57575757575758d-03 7.57575757575758d-03 7.57575757575758d-03 7.57575757575758d-03 7.57575757575758d-03 7.57575757575758d-03
#
# na24
7.57575757575758d-03 7.57575757575758d-03 7.57575757575758d-03 7.57575757575758d-03 7.57575757575758d-03 7.57575757575758d-03 7.57575757575758d-03 7.57575757575758d-03 7.57575757575758d-03 7.57575757575758d-03 7.57575757575758d-03 7.57575757575758d-03 7.57575757575758d-03 7.57575757575758d-03 7.57575757575758d-03 7.57575757575758d-03
#
# mg22
7.57575757575758d-03 7.57575757575758d-03 7.57575757575758d-03 7.57575757575758d-03 7.57575757575758d-03 7.57575757575758d-03 7.57575757575758d-03 7.57575757575758d-03 7.57575757575758d-03 7.57575757575758d-03 7.57575757575758d-03 7.57575757575758d-03 7.57575757575758d-03 7.57575757575758d-03 7.57575757575758d-03 7.57575757575758d-03
#
# mg23
7.57575757575758d-03 7.57575757575758d-03 7.57575757575758d-03 7.57575757575758d-03 7.57575757575758d-03 7.57575757575758d-03 7.57575757575758d-03 7.57575757575758d-03 7.57575757575758d-03 7.57575757575758d-03 7.57575757575758d-03 7.57575757575758d-03 7.57575757575758d-03 7.57575757575758d-03 7.57575757575758d-03 7.57575757575758d-03
#
# mg24
7.57575757575758d-03 7.57575757575758d-03 7.57575757575758d-03 7.57575757575758d-03 7.57575757575758d-03 7.57575757575758d-03 7.57575757575758d-03 7.57575757575758d-03 7.57575757575758d-03 7.57575757575758d-03 7.57575757575758d-03 7.57575757575758d-03 7.57575757575758d-03 7.57575757575758d-03 7.57575757575758d-03 7.57575757575758d-03
#
# mg25
7.57575757575758d-03 7.57575757575758d-03 7.57575757575758d-03 7.57575757575758d-03 7.57575757575758d-03 7.57575757575758d-03 7.57575757575758d-03 7.57575757575758d-03 7.57575757575758d-03 7.57575757575758d-03 7.57575757575758d-03 7.57575757575758d-03 7.57575757575758d-03 7.57575757575758d-03 7.57575757575758d-03 7.57575757575758d-03
#
# mg26
7.57575757575758d-03 7.57575757575758d-03 7.57575757575758d-03 7.57575757575758d-03 7.57575757575758d-03 7.57575757575758d-03 7.57575757575758d-03 7.57575757575758d-03 7.57575757575758d-03 7.57575757575758d-03 7.57575757575758d-03 7.57575757575758d-03 7.57575757575758d-03 7.57575757575758d-03 7.57575757575758d-03 7.57575757575758d-03
#
# mg27
7.57575757575758d-03 7.57575757575758d-03 7.57575757575758d-03 7.57575757575758d-03 7.57575757575758d-03 7.57575757575758d-03 7.57575757575758d-03 7.57575757575758d-03 7.57575757575758d-03 7.57575757575758d-03 7.57575757575758d-03 7.57575757575758d-03 7.57575757575758d-03 7.57575757575758d-03 7.57575757575758d-03 7.57575757575758d-03
#
# al25
7.57575757575758d-03 7.57575757575758d-03 7.57575757575758d-03 7.57575757575758d-03 7.57575757575758d-03 7.57575757575758d-03 7.57575757575758d-03 7.57575757575758d-03 7.57575757575758d-03 7.57575757575758d-03 7.57575757575758d-03 7.57575757575758d-03 7.57575757575758d-03 7.57575757575758d-03 7.57575757575758d-03 7.57575757575758d-03
#
# al26
7.57575757575758d-03 7.57575757575758d-03 7.57575757575758d-03 7.57575757575758d-03 7.57575757575758d-03 7.57575757575758d-03 7.57575757575758d-03 7.57575757575758d-03 7.57575757575758d-03 7.57575757575758d-03 7.57575757575758d-03 7.57575757575758d-03 7.57575757575758d-03 7.57575757575758d-03 7.57575757575758d-03 7.57575757575758d-03
#
# al27
7.57575757575758d-03 7.57575757575758d-03 7.57575757575758d-03 7.57575757575758d-03 7.57575757575758d-03 7.57575757575758d-03 7.57575757575758d-03 7.57575757575758d-03 7.57575757575758d-03 7.57575757575758d-03 7.57575757575758d-03 7.57575757575758d-03 7.57575757575758d-03 7.57575757575758d-03 7.57575757575758d-03 7.57575757575758d-03
#
# al28
7.57575757575758d-03 7.57575757575758d-03 7.57575757575758d-03 7.57575757575758d-03 7.57575757575758d-03 7.57575757575758d-03 7.57575757575758d-03 7.57575757575758d-03 7.57575757575758d-03 7.57575757575758d-03 7.57575757575758d-03 7.57575757575758d-03 7.57575757575758d-03 7.57575757575758d-03 7.57575757575758d-03 7.57575757575758d-03
#
# al29
7.57575757575758d-03 7.57575757575758d-03 7.57575757575758d-03 7.57575757575758d-03 7.57575757575758d-03 7.57575757575758d-03 7.57575757575758d-03 7.57575757575758d-03 7.57575757575758d-03 7.57575757575758d-03 7.57575757575758d-03 7.57575757575758d-03 7.57575757575758d-03 7.57575757575758d-03 7.57575757575758d-03 7.57575757575758d-03
#
# si27
7.57575757575758d-03 7.57575757575758d-03 7.57575757575758d-03 7.57575757575758d-03 7.57575757575758d-03 7.57575757575758d-03 7.57575757575758d-03 7.57575757575758d-03 7.57575757575758d-03 7.57575757575758d-03 7.57575757575758d-03 7.57575757575758d-03 7.57575757575758d-03 7.57575757575758d-03 7.57575757575758d-03 7.57575757575758d-03
#
# si28
7.57575757575758d-03 7.57575757575758d-03 7.57575757575758d-03 7.57575757575758d-03 7.57575757575758d-03 7.57575757575758d-03 7.57575757575758d-03 7.57575757575758d-03 7.57575757575758d-03 7.57575757575758d-03 7.57575757575758d-03 7.57575757575758d-03 7.57575757575758d-03 7.57575757575758d-03 7.57575757575758d-03 7.57575757575758d-03
#
# si29
7.57575757575758d-03 7.57575757575758d-03 7.57575757575758d-03 7.57575757575758d-03 7.57575757575758d-03 7.57575757575758d-03 7.57575757575758d-03 7.57575757575758d-03 7.57575757575758d-03 7.57575757575758d-03 7.57575757575758d-03 7.57575757575758d-03 7.57575757575758d-03 7.57575757575758d-03 7.57575757575758d-03 7.57575757575758d-03
#
# si30
7.57575757575758d-03 7.57575757575758d-03 7.57575757575758d-03 7.57575757575758d-03 7.57575757575758d-03 7.57575757575758d-03 7.57575757575758d-03 7.57575757575758d-03 7.57575757575758d-03 7.57575757575758d-03 7.57575757575758d-03 7.57575757575758d-03 7.57575757575758d-03 7.57575757575758d-03 7.57575757575758d-03 7.57575757575758d-03
#
# si31
7.57575757575758d-03 7.57575757575758d-03 7.57575757575758d-03 7.57575757575758d-03 7.57575757575758d-03 7.57575757575758d-03 7.57575757575758d-03 7.57575757575758d-03 7.57575757575758d-03 7.57575757575758d-03 7.57575757575758d-03 7.57575757575758d-03 7.57575757575758d-03 7.57575757575758d-03 7.57575757575758d-03 7.57575757575758d-03
#
# si32
7.57575757575758d-03 7.57575757575758d-03 7.57575757575758d-03 7.57575757575758d-03 7.57575757575758d-03 7.57575757575758d-03 7.57575757575758d-03 7.57575757575758d-03 7.57575757575758d-03 7.57575757575758d-03 7.57575757575758d-03 7.57575757575758d-03 7.57575757575758d-03 7.57575757575758d-03 7.57575757575758d-03 7.57575757575758d-03
#
# p29
7.57575757575758d-03 7.57575757575758d-03 7.57575757575758d-03 7.57575757575758d-03 7.57575757575758d-03 7.57575757575758d-03 7.57575757575758d-03 7.57575757575758d-03 7.57575757575758d-03 7.57575757575758d-03 7.57575757575758d-03 7.57575757575758d-03 7.57575757575758d-03 7.57575757575758d-03 7.57575757575758d-03 7.57575757575758d-03
#
# p30
7.57575757575758d-03 7.57575757575758d-03 7.57575757575758d-03 7.57575757575758d-03 7.57575757575758d-03 7.57575757575758d-03 7.57575757575758d-03 7.57575757575758d-03 7.57575757575758d-03 7.57575757575758d-03 7.57575757575758d-03 7.57575757575758d-03 7.57575757575758d-03 7.57575757575758d-03 7.57575757575758d-03 7.57575757575758d-03
#
# p31
7.57575757575758d-03 7.57575757575758d-03 7.57575757575758d-03 7.57575757575758d-03 7.57575757575758d-03 7.57575757575758d-03 7.57575757575758d-03 7.57575757575758d-03 7.57575757575758d-03 7.57575757575758d-03 7.57575757575758d-03 7.57575757575758d-03 7.57575757575758d-03 7.57575757575758d-03 7.57575757575758d-03 7.57575757575758d-03
#
# p32
7.57575757575758d-03 7.57575757575758d-03 7.57575757575758d-03 7.57575757575758d-03 7.57575757575758d-03 7.57575757575758d-03 7.57575757575758d-03 7.57575757575758d-03 7.57575757575758d-03 7.57575757575758d-03 7.57575757575758d-03 7.57575757575758d-03 7.57575757575758d-03 7.57575757575758d-03 7.57575757575758d-03 7.57575757575758d-03
#
# p33
7.57575757575758d-03 7.57575757575758d-03 7.57575757575758d-03 7.57575757575758d-03 7.57575757575758d-03 7.57575757575758d-03 7.57575757575758d-03 7.57575757575758d-03 7.57575757575758d-03 7.57575757575758d-03 7.57575757575758d-03 7.57575757575758d-03 7.57575757575758d-03 7.57575757575758d-03 7.57575757575758d-03 7.57575757575758d-03
#
# s30
7.57575757575758d-03 7.57575757575758d-03 7.57575757575758d-03 7.57575757575758d-03 7.57575757575758d-03 7.57575757575758d-03 7.57575757575758d-03 7.57575757575758d-03 7.57575757575758d-03 7.57575757575758d-03 7.57575757575758d-03 7.57575757575758d-03 7.57575757575758d-03 7.57575757575758d-03 7.57575757575758d-03 7.57575757575758d-03
#
# s31
7.57575757575758d-03 7.57575757575758d-03 7.57575757575758d-03 7.57575757575758d-03 7.57575757575758d-03 7.57575757575758d-03 7.57575757575758d-03 7.57575757575758d-03 7.57575757575758d-03 7.57575757575758d-03 7.57575757575758d-03 7.57575757575758d-03 7.57575757575758d-03 7.57575757575758d-03 7.57575757575758d-03 7.57575757575758d-03
#
# s32
7.57575757575758d-03 7.57575757575758d-03 7.57575757575758d-03 7.57575757575758d-03 7.57575757575758d-03 7.57575757575758d-03 7.57575757575758d-03 7.57575757575758d-03 7.57575757575758d-03 7.57575757575758d-03 7.57575757575758d-03 7.57575757575758d-03 7.57575757575758d-03 7.57575757575758d-03 7.57575757575758d-03 7.57575757575758d-03
#
# s33
7.57575757575758d-03 7.57575757575758d-03 7.57575757575758d-03 7.57575757575758d-03 7.57575757575758d-03 7.57575757575758d-03 7.57575757575758d-03 7.57575757575758d-03 7.57575757575758d-03 7.57575757575758d-03 7.57575757575758d-03 7.57575757575758d-03 7.57575757575758d-03 7.57575757575758d-03 7.57575757575758d-03 7.57575757575758d-03
#
# s34
7.57575757575758d-03 7.57575757575758d-03 7.57575757575758d-03 7.57575757575758d-03 7.57575757575758d-03 7.57575757575758d-03 7.57575757575758d-03 7.57575757575758d-03 7.57575757575758d-03 7.57575757575758d-03 7.57575757575758d-03 7.57575757575758d-03 7.57575757575758d-03 7.57575757575758d-03 7.57575757575758d-03 7.57575757575758d-03
#
# s35
7.57575757575758d-03 7.57575757575758d-03 7.57575757575758d-03 7.57575757575758d-03 7.57575757575758d-03 7.57575757575758d-03 7.57575757575758d-03 7.57575757575758d-03 7.57575757575758d-03 7.57575757575758d-03 7.57575757575758d-03 7.57575757575758d-03 7.57575757575758d-03 7.57575757575758d-03 7.57575757575758d-03 7.57575757575758d-03
#
# cl33
7.57575757575758d-03 7.57575757575758d-03 7.57575757575758d-03 7.57575757575758d-03 7.57575757575758d-03 7.57575757575758d-03 7.57575757575758d-03 7.57575757575758d-03 7.57575757575758d-03 7.57575757575758d-03 7.57575757575758d-03 7.57575757575758d-03 7.57575757575758d-03 7.57575757575758d-03 7.57575757575758d-03 7.57575757575758d-03
#
# cl34
7.57575757575758d-03 7.57575757575758d-03 7.57575757575758d-03 7.57575757575758d-03 7.57575757575758d-03 7.57575757575758d-03 7.57575757575758d-03 7.57575757575758d-03 7.57575757575758d-03 7.57575757575758d-03 7.57575757575758d-03 7.57575757575758d-03 7.57575757575758d-03 7.57575757575758d-03 7.57575757575758d-03 7.57575757575758d-03
#
# cl35
7.57575757575758d-03 7.57575757575758d-03 7.57575757575758d-03 7.57575757575758d-03 7.57575757575758d-03 7.57575757575758d-03 7.57575757575758d-03 7.57575757575758d-03 7.57575757575758d-03 7.57575757575758d-03 7.57575757575758d-03 7.57575757575758d-03 7.57575757575758d-03 7.57575757575758d-03 7.57575757575758d-03 7.57575757575758d-03
#
# cl36
7.57575757575758d-03 7.57575757575758d-03 7.57575757575758d-03 7.57575757575758d-03 7.57575757575758d-03 7.57575757575758d-03 7.57575757575758d-03 7.57575757575758d-03 7.57575757575758d-03 7.57575757575758d-03 7.57575757575758d-03 7.57575757575758d-03 7.57575757575758d-03 7.57575757575758d-03 7.57575757575758d-03 7.57575757575758d-03
#
# cl37
7.57575757575758d-03 7.57575757575758d-03 7.57575757575758d-03 7.57575757575758d-03 7.57575757575758d-03 7.57575757575758d-03 7.57575757575758d-03 7.57575757575758d-03 7.57575757575758d-03 7.57575757575758d-03 7.57575757575758d-03 7.57575757575758d-03 7.57575757575758d-03 7.57575757575758d-03 7.57575757575758d-03 7.57575757575758d-03
#
# ar35
7.57575757575758d-03 7.57575757575758d-03 7.57575757575758d-03 7.57575757575758d-03 7.57575757575758d-03 7.57575757575758d-03 7.57575757575758d-03 7.57575757575758d-03 7.57575757575758d-03 7.57575757575758d-03 7.57575757575758d-03 7.57575757575758d-03 7.57575757575758d-03 7.57575757575758d-03 7.57575757575758d-03 7.57575757575758d-03
#
# ar36
7.57575757575758d-03 7.57575757575758d-03 7.57575757575758d-03 7.57575757575758d-03 7.57575757575758d-03 7.57575757575758d-03 7.57575757575758d-03 7.57575757575758d-03 7.57575757575758d-03 7.57575757575758d-03 7.57575757575758d-03 7.57575757575758d-03 7.57575757575758d-03 7.57575757575758d-03 7.57575757575758d-03 7.57575757575758d-03
#
# ar37
7.57575757575758d-03 7.57575757575758d-03 7.57575757575758d-03 7.57575757575758d-03 7.57575757575758d-03 7.57575757575758d-03 7.57575757575758d-03 7.57575757575758d-03 7.57575757575758d-03 7.57575757575758d-03 7.57575757575758d-03 7.57575757575758d-03 7.57575757575758d-03 7.57575757575758d-03 7.57575757575758d-03 7.57575757575758d-03
#
# ar38
7.57575757575758d-03 7.57575757575758d-03 7.57575757575758d-03 7.57575757575758d-03 7.57575757575758d-03 7.57575757575758d-03 7.57575757575758d-03 7.57575757575758d-03 7.57575757575758d-03 7.57575757575758d-03 7.57575757575758d-03 7.57575757575758d-03 7.57575757575758d-03 7.57575757575758d-03 7.57575757575758d-03 7.57575757575758d-03
#
# ar39
7.57575757575758d-03 7.57575757575758d-03 7.57575757575758d-03 7.57575757575758d-03 7.57575757575758d-03 7.57575757575758d-03 7.57575757575758d-03 7.57575757575758d-03 7.57575757575758d-03 7.57575757575758d-03 7.57575757575758d-03 7.57575757575758d-03 7.57575757575758d-03 7.57575757575758d-03 7.57575757575758d-03 7.57575757575758d-03
#
# k37
7.57575757575758d-03 7.57575757575758d-03 7.57575757575758d-03 7.57575757575758d-03 7.57575757575758d-03 7.57575757575758d-03 7.57575757575758d-03 7.57575757575758d-03 7.57575757575758d-03 7.57575757575758d-03 7.57575757575758d-03 7.57575757575758d-03 7.57575757575758d-03 7.57575757575758d-03 7.57575757575758d-03 7.57575757575758d-03
#
# k38
7.57575757575758d-03 7.57575757575758d-03 7.57575757575758d-03 7.57575757575758d-03 7.57575757575758d-03 7.57575757575758d-03 7.57575757575758d-03 7.57575757575758d-03 7.57575757575758d-03 7.57575757575758d-03 7.57575757575758d-03 7.57575757575758d-03 7.57575757575758d-03 7.57575757575758d-03 7.57575757575758d-03 7.57575757575758d-03
#
# k39
7.57575757575758d-03 7.57575757575758d-03 7.57575757575758d-03 7.57575757575758d-03 7.57575757575758d-03 7.57575757575758d-03 7.57575757575758d-03 7.57575757575758d-03 7.57575757575758d-03 7.57575757575758d-03 7.57575757575758d-03 7.57575757575758d-03 7.57575757575758d-03 7.57575757575758d-03 7.57575757575758d-03 7.57575757575758d-03
#
# k40
7.57575757575758d-03 7.57575757575758d-03 7.57575757575758d-03 7.57575757575758d-03 7.57575757575758d-03 7.57575757575758d-03 7.57575757575758d-03 7.57575757575758d-03 7.57575757575758d-03 7.57575757575758d-03 7.57575757575758d-03 7.57575757575758d-03 7.57575757575758d-03 7.57575757575758d-03 7.57575757575758d-03 7.57575757575758d-03
#
# k41
7.57575757575758d-03 7.57575757575758d-03 7.57575757575758d-03 7.57575757575758d-03 7.57575757575758d-03 7.57575757575758d-03 7.57575757575758d-03 7.57575757575758d-03 7.57575757575758d-03 7.57575757575758d-03 7.57575757575758d-03 7.57575757575758d-03 7.57575757575758d-03 7.57575757575758d-03 7.57575757575758d-03 7.57575757575758d-03
#
# k42
7.57575757575758d-03 7.57575757575758d-03 7.57575757575758d-03 7.57575757575758d-03 7.57575757575758d-03 7.57575757575758d-03 7.57575757575758d-03 7.57575757575758d-03 7.57575757575758d-03 7.57575757575758d-03 7.57575757575758d-03 7.57575757575758d-03 7.57575757575758d-03 7.57575757575758d-03 7.57575757575758d-03 7.57575757575758d-03
#
# ca39
7.57575757575758d-03 7.57575757575758d-03 7.57575757575758d-03 7.57575757575758d-03 7.57575757575758d-03 7.57575757575758d-03 7.57575757575758d-03 7.57575757575758d-03 7.57575757575758d-03 7.57575757575758d-03 7.57575757575758d-03 7.57575757575758d-03 7.57575757575758d-03 7.57575757575758d-03 7.57575757575758d-03 7.57575757575758d-03
#
# ca40
7.57575757575758d-03 7.57575757575758d-03 7.57575757575758d-03 7.57575757575758d-03 7.57575757575758d-03 7.57575757575758d-03 7.57575757575758d-03 7.57575757575758d-03 7.57575757575758d-03 7.57575757575758d-03 7.57575757575758d-03 7.57575757575758d-03 7.57575757575758d-03 7.57575757575758d-03 7.57575757575758d-03 7.57575757575758d-03
#
# ca41
7.57575757575758d-03 7.57575757575758d-03 7.57575757575758d-03 7.57575757575758d-03 7.57575757575758d-03 7.57575757575758d-03 7.57575757575758d-03 7.57575757575758d-03 7.57575757575758d-03 7.57575757575758d-03 7.57575757575758d-03 7.57575757575758d-03 7.57575757575758d-03 7.57575757575758d-03 7.57575757575758d-03 7.57575757575758d-03
#
# ca42
7.57575757575758d-03 7.57575757575758d-03 7.57575757575758d-03 7.57575757575758d-03 7.57575757575758d-03 7.57575757575758d-03 7.57575757575758d-03 7.57575757575758d-03 7.57575757575758d-03 7.57575757575758d-03 7.57575757575758d-03 7.57575757575758d-03 7.57575757575758d-03 7.57575757575758d-03 7.57575757575758d-03 7.57575757575758d-03
#
# ca43
7.57575757575758d-03 7.57575757575758d-03 7.57575757575758d-03 7.57575757575758d-03 7.57575757575758d-03 7.57575757575758d-03 7.57575757575758d-03 7.57575757575758d-03 7.57575757575758d-03 7.57575757575758d-03 7.57575757575758d-03 7.57575757575758d-03 7.57575757575758d-03 7.57575757575758d-03 7.57575757575758d-03 7.57575757575758d-03
#
# ca44
7.57575757575758d-03 7.57575757575758d-03 7.57575757575758d-03 7.57575757575758d-03 7.57575757575758d-03 7.57575757575758d-03 7.57575757575758d-03 7.57575757575758d-03 7.57575757575758d-03 7.57575757575758d-03 7.57575757575758d-03 7.57575757575758d-03 7.57575757575758d-03 7.57575757575758d-03 7.57575757575758d-03 7.57575757575758d-03
#
# sc42
7.57575757575758d-03 7.57575757575758d-03 7.57575757575758d-03 7.57575757575758d-03 7.57575757575758d-03 7.57575757575758d-03 7.57575757575758d-03 7.57575757575758d-03 7.57575757575758d-03 7.57575757575758d-03 7.57575757575758d-03 7.57575757575758d-03 7.57575757575758d-03 7.57575757575758d-03 7.57575757575758d-03 7.57575757575758d-03
#
# sc43
7.57575757575758d-03 7.57575757575758d-03 7.57575757575758d-03 7.57575757575758d-03 7.57575757575758d-03 7.57575757575758d-03 7.57575757575758d-03 7.57575757575758d-03 7.57575757575758d-03 7.57575757575758d-03 7.57575757575758d-03 7.57575757575758d-03 7.57575757575758d-03 7.57575757575758d-03 7.57575757575758d-03 7.57575757575758d-03
#
# sc44
7.57575757575758d-03 7.57575757575758d-03 7.57575757575758d-03 7.57575757575758d-03 7.57575757575758d-03 7.57575757575758d-03 7.57575757575758d-03 7.57575757575758d-03 7.57575757575758d-03 7.57575757575758d-03 7.57575757575758d-03 7.57575757575758d-03 7.57575757575758d-03 7.57575757575758d-03 7.57575757575758d-03 7.57575757575758d-03
#
# sc45
7.57575757575758d-03 7.57575757575758d-03 7.57575757575758d-03 7.57575757575758d-03 7.57575757575758d-03 7.57575757575758d-03 7.57575757575758d-03 7.57575757575758d-03 7.57575757575758d-03 7.57575757575758d-03 7.57575757575758d-03 7.57575757575758d-03 7.57575757575758d-03 7.57575757575758d-03 7.57575757575758d-03 7.57575757575758d-03
#
# sc46
7.57575757575758d-03 7.57575757575758d-03 7.57575757575758d-03 7.57575757575758d-03 7.57575757575758d-03 7.57575757575758d-03 7.57575757575758d-03 7.57575757575758d-03 7.57575757575758d-03 7.57575757575758d-03 7.57575757575758d-03 7.57575757575758d-03 7.57575757575758d-03 7.57575757575758d-03 7.57575757575758d-03 7.57575757575758d-03
#
# ti43
7.57575757575758d-03 7.57575757575758d-03 7.57575757575758d-03 7.57575757575758d-03 7.57575757575758d-03 7.57575757575758d-03 7.57575757575758d-03 7.57575757575758d-03 7.57575757575758d-03 7.57575757575758d-03 7.57575757575758d-03 7.57575757575758d-03 7.57575757575758d-03 7.57575757575758d-03 7.57575757575758d-03 7.57575757575758d-03
#
# ti44
7.57575757575758d-03 7.57575757575758d-03 7.57575757575758d-03 7.57575757575758d-03 7.57575757575758d-03 7.57575757575758d-03 7.57575757575758d-03 7.57575757575758d-03 7.57575757575758d-03 7.57575757575758d-03 7.57575757575758d-03 7.57575757575758d-03 7.57575757575758d-03 7.57575757575758d-03 7.57575757575758d-03 7.57575757575758d-03
#
# ti45
7.57575757575758d-03 7.57575757575758d-03 7.57575757575758d-03 7.57575757575758d-03 7.57575757575758d-03 7.57575757575758d-03 7.57575757575758d-03 7.57575757575758d-03 7.57575757575758d-03 7.57575757575758d-03 7.57575757575758d-03 7.57575757575758d-03 7.57575757575758d-03 7.57575757575758d-03 7.57575757575758d-03 7.57575757575758d-03
#
# ti46
7.57575757575758d-03 7.57575757575758d-03 7.57575757575758d-03 7.57575757575758d-03 7.57575757575758d-03 7.57575757575758d-03 7.57575757575758d-03 7.57575757575758d-03 7.57575757575758d-03 7.57575757575758d-03 7.57575757575758d-03 7.57575757575758d-03 7.57575757575758d-03 7.57575757575758d-03 7.57575757575758d-03 7.57575757575758d-03
#
# ti47
7.57575757575758d-03 7.57575757575758d-03 7.57575757575758d-03 7.57575757575758d-03 7.57575757575758d-03 7.57575757575758d-03 7.57575757575758d-03 7.57575757575758d-03 7.57575757575758d-03 7.57575757575758d-03 7.57575757575758d-03 7.57575757575758d-03 7.57575757575758d-03 7.57575757575758d-03 7.57575757575758d-03 7.57575757575758d-03
#
# ti48
7.57575757575758d-03 7.57575757575758d-03 7.57575757575758d-03 7.57575757575758d-03 7.57575757575758d-03 7.57575757575758d-03 7.57575757575758d-03 7.57575757575758d-03 7.57575757575758d-03 7.57575757575758d-03 7.57575757575758d-03 7.57575757575758d-03 7.57575757575758d-03 7.57575757575758d-03 7.57575757575758d-03 7.57575757575758d-03
#
# ti49
7.57575757575758d-03 7.57575757575758d-03 7.57575757575758d-03 7.57575757575758d-03 7.57575757575758d-03 7.57575757575758d-03 7.57575757575758d-03 7.57575757575758d-03 7.57575757575758d-03 7.57575757575758d-03 7.57575757575758d-03 7.57575757575758d-03 7.57575757575758d-03 7.57575757575758d-03 7.57575757575758d-03 7.57575757575758d-03
#
# v46
7.57575757575758d-03 7.57575757575758d-03 7.57575757575758d-03 7.57575757575758d-03 7.57575757575758d-03 7.57575757575758d-03 7.57575757575758d-03 7.57575757575758d-03 7.57575757575758d-03 7.57575757575758d-03 7.57575757575758d-03 7.57575757575758d-03 7.57575757575758d-03 7.57575757575758d-03 7.57575757575758d-03 7.57575757575758d-03
#
# v47
7.57575757575758d-03 7.57575757575758d-03 7.57575757575758d-03 7.57575757575758d-03 7.57575757575758d-03 7.57575757575758d-03 7.57575757575758d-03 7.57575757575758d-03 7.57575757575758d-03 7.57575757575758d-03 7.57575757575758d-03 7.57575757575758d-03 7.57575757575758d-03 7.57575757575758d-03 7.57575757575758d-03 7.57575757575758d-03
#
# v48
7.57575757575758d-03 7.57575757575758d-03 7.57575757575758d-03 7.57575757575758d-03 7.57575757575758d-03 7.57575757575758d-03 7.57575757575758d-03 7.57575757575758d-03 7.57575757575758d-03 7.57575757575758d-03 7.57575757575758d-03 7.57575757575758d-03 7.57575757575758d-03 7.57575757575758d-03 7.57575757575758d-03 7.57575757575758d-03
#
# v49
7.57575757575758d-03 7.57575757575758d-03 7.57575757575758d-03 7.57575757575758d-03 7.57575757575758d-03 7.57575757575758d-03 7.57575757575758d-03 7.57575757575758d-03 7.57575757575758d-03 7.57575757575758d-03 7.57575757575758d-03 7.57575757575758d-03 7.57575757575758d-03 7.57575757575758d-03 7.57575757575758d-03 7.57575757575758d-03
#
# v50
7.57575757575758d-03 7.57575757575758d-03 7.57575757575758d-03 7.57575757575758d-03 7.57575757575758d-03 7.57575757575758d-03 7.57575757575758d-03 7.57575757575758d-03 7.57575757575758d-03 7.57575757575758d-03 7.57575757575758d-03 7.57575757575758d-03 7.57575757575758d-03 7.57575757575758d-03 7.57575757575758d-03 7.57575757575758d-03
#
# v51
7.57575757575758d-03 7.57575757575758d-03 7.57575757575758d-03 7.57575757575758d-03 7.57575757575758d-03 7.57575757575758d-03 7.57575757575758d-03 7.57575757575758d-03 7.57575757575758d-03 7.57575757575758d-03 7.57575757575758d-03 7.57575757575758d-03 7.57575757575758d-03 7.57575757575758d-03 7.57575757575758d-03 7.57575757575758d-03
#
# cr47
7.57575757575758d-03 7.57575757575758d-03 7.57575757575758d-03 7.57575757575758d-03 7.57575757575758d-03 7.57575757575758d-03 7.57575757575758d-03 7.57575757575758d-03 7.57575757575758d-03 7.57575757575758d-03 7.57575757575758d-03 7.57575757575758d-03 7.57575757575758d-03 7.57575757575758d-03 7.57575757575758d-03 7.57575757575758d-03
#
# cr48
7.57575757575758d-03 7.57575757575758d-03 7.57575757575758d-03 7.57575757575758d-03 7.57575757575758d-03 7.57575757575758d-03 7.57575757575758d-03 7.57575757575758d-03 7.57575757575758d-03 7.57575757575758d-03 7.57575757575758d-03 7.57575757575758d-03 7.57575757575758d-03 7.57575757575758d-03 7.57575757575758d-03 7.57575757575758d-03
#
# cr49
7.57575757575758d-03 7.57575757575758d-03 7.57575757575758d-03 7.57575757575758d-03 7.57575757575758d-03 7.57575757575758d-03 7.57575757575758d-03 7.57575757575758d-03 7.57575757575758d-03 7.57575757575758d-03 7.57575757575758d-03 7.57575757575758d-03 7.57575757575758d-03 7.57575757575758d-03 7.57575757575758d-03 7.57575757575758d-03
#
# cr50
7.57575757575758d-03 7.57575757575758d-03 7.57575757575758d-03 7.57575757575758d-03 7.57575757575758d-03 7.57575757575758d-03 7.57575757575758d-03 7.57575757575758d-03 7.57575757575758d-03 7.57575757575758d-03 7.57575757575758d-03 7.57575757575758d-03 7.57575757575758d-03 7.57575757575758d-03 7.57575757575758d-03 7.57575757575758d-03
#
# cr51
7.57575757575758d-03 7.57575757575758d-03 7.57575757575758d-03 7.57575757575758d-03 7.57575757575758d-03 7.57575757575758d-03 7.57575757575758d-03 7.57575757575758d-03 7.57575757575758d-03 7.57575757575758d-03 7.57575757575758d-03 7.57575757575758d-03 7.57575757575758d-03 7.57575757575758d-03 7.57575757575758d-03 7.57575757575758d-03
#
# cr52
7.57575757575758d-03 7.57575757575758d-03 7.57575757575758d-03 7.57575757575758d-03 7.57575757575758d-03 7.57575757575758d-03 7.57575757575758d-03 7.57575757575758d-03 7.57575757575758d-03 7.57575757575758d-03 7.57575757575758d-03 7.57575757575758d-03 7.57575757575758d-03 7.57575757575758d-03 7.57575757575758d-03 7.57575757575758d-03
#
# mn49
7.57575757575758d-03 7.57575757575758d-03 7.57575757575758d-03 7.57575757575758d-03 7.57575757575758d-03 7.57575757575758d-03 7.57575757575758d-03 7.57575757575758d-03 7.57575757575758d-03 7.57575757575758d-03 7.57575757575758d-03 7.57575757575758d-03 7.57575757575758d-03 7.57575757575758d-03 7.57575757575758d-03 7.57575757575758d-03
#
# mn50
7.57575757575758d-03 7.57575757575758d-03 7.57575757575758d-03 7.57575757575758d-03 7.57575757575758d-03 7.57575757575758d-03 7.57575757575758d-03 7.57575757575758d-03 7.57575757575758d-03 7.57575757575758d-03 7.57575757575758d-03 7.57575757575758d-03 7.57575757575758d-03 7.57575757575758d-03 7.57575757575758d-03 7.57575757575758d-03
#
# mn51
7.57575757575758d-03 7.57575757575758d-03 7.57575757575758d-03 7.57575757575758d-03 7.57575757575758d-03 7.57575757575758d-03 7.57575757575758d-03 7.57575757575758d-03 7.57575757575758d-03 7.57575757575758d-03 7.57575757575758d-03 7.57575757575758d-03 7.57575757575758d-03 7.57575757575758d-03 7.57575757575758d-03 7.57575757575758d-03
#
# mn52
7.57575757575758d-03 7.57575757575758d-03 7.57575757575758d-03 7.57575757575758d-03 7.57575757575758d-03 7.57575757575758d-03 7.57575757575758d-03 7.57575757575758d-03 7.57575757575758d-03 7.57575757575758d-03 7.57575757575758d-03 7.57575757575758d-03 7.57575757575758d-03 7.57575757575758d-03 7.57575757575758d-03 7.57575757575758d-03
#
# mn53
7.57575757575758d-03 7.57575757575758d-03 7.57575757575758d-03 7.57575757575758d-03 7.57575757575758d-03 7.57575757575758d-03 7.57575757575758d-03 7.57575757575758d-03 7.57575757575758d-03 7.57575757575758d-03 7.57575757575758d-03 7.57575757575758d-03 7.57575757575758d-03 7.57575757575758d-03 7.57575757575758d-03 7.57575757575758d-03
#
# mn54
7.57575757575758d-03 7.57575757575758d-03 7.57575757575758d-03 7.57575757575758d-03 7.57575757575758d-03 7.57575757575758d-03 7.57575757575758d-03 7.57575757575758d-03 7.57575757575758d-03 7.57575757575758d-03 7.57575757575758d-03 7.57575757575758d-03 7.57575757575758d-03 7.57575757575758d-03 7.57575757575758d-03 7.57575757575758d-03
#
# mn55
7.57575757575758d-03 7.57575757575758d-03 7.57575757575758d-03 7.57575757575758d-03 7.57575757575758d-03 7.57575757575758d-03 7.57575757575758d-03 7.57575757575758d-03 7.57575757575758d-03 7.57575757575758d-03 7.57575757575758d-03 7.57575757575758d-03 7.57575757575758d-03 7.57575757575758d-03 7.57575757575758d-03 7.57575757575758d-03
#
# fe51
7.57575757575758d-03 7.57575757575758d-03 7.57575757575758d-03 7.57575757575758d-03 7.57575757575758d-03 7.57575757575758d-03 7.57575757575758d-03 7.57575757575758d-03 7.57575757575758d-03 7.57575757575758d-03 7.57575757575758d-03 7.57575757575758d-03 7.57575757575758d-03 7.57575757575758d-03 7.57575757575758d-03 7.57575757575758d-03
#
# fe52
7.57575757575758d-03 7.57575757575758d-03 7.57575757575758d-03 7.57575757575758d-03 7.57575757575758d-03 7.57575757575758d-03 7.57575757575758d-03 7.57575757575758d-03 7.57575757575758d-03 7.57575757575758d-03 7.57575757575758d-03 7.57575757575758d-03 7.57575757575758d-03 7.57575757575758d-03 7.57575757575758d-03 7.57575757575758d-03
#
# fe53
7.57575757575758d-03 7.57575757575758d-03 7.57575757575758d-03 7.57575757575758d-03 7.57575757575758d-03 7.57575757575758d-03 7.57575757575758d-03 7.57575757575758d-03 7.57575757575758d-03 7.57575757575758d-03 7.57575757575758d-03 7.57575757575758d-03 7.57575757575758d-03 7.57575757575758d-03 7.57575757575758d-03 7.57575757575758d-03
#
# fe54
7.57575757575758d-03 7.57575757575758d-03 7.57575757575758d-03 7.57575757575758d-03 7.57575757575758d-03 7.57575757575758d-03 7.57575757575758d-03 7.57575757575758d-03 7.57575757575758d-03 7.57575757575758d-03 7.57575757575758d-03 7.57575757575758d-03 7.57575757575758d-03 7.57575757575758d-03 7.57575757575758d-03 7.57575757575758d-03
#
# fe55
7.57575757575758d-03 7.57575757575758d-03 7.57575757575758d-03 7.57575757575758d-03 7.57575757575758d-03 7.57575757575758d-03 7.57575757575758d-03 7.57575757575758d-03 7.57575757575758d-03 7.57575757575758d-03 7.57575757575758d-03 7.57575757575758d-03 7.57575757575758d-03 7.57575757575758d-03 7.57575757575758d-03 7.57575757575758d-03
#
# fe56
7.57575757575758d-03 7.57575757575758d-03 7.57575757575758d-03 7.57575757575758d-03 7.57575757575758d-03 7.57575757575758d-03 7.57575757575758d-03 7.57575757575758d-03 7.57575757575758d-03 7.57575757575758d-03 7.57575757575758d-03 7.57575757575758d-03 7.57575757575758d-03 7.57575757575758d-03 7.57575757575758d-03 7.57575757575758d-03
#
# co53
7.57575757575758d-03 7.57575757575758d-03 7.57575757575758d-03 7.57575757575758d-03 7.57575757575758d-03 7.57575757575758d-03 7.57575757575758d-03 7.57575757575758d-03 7.57575757575758d-03 7.57575757575758d-03 7.57575757575758d-03 7.57575757575758d-03 7.57575757575758d-03 7.57575757575758d-03 7.57575757575758d-03 7.57575757575758d-03
#
# co54
7.57575757575758d-03 7.57575757575758d-03 7.57575757575758d-03 7.57575757575758d-03 7.57575757575758d-03 7.57575757575758d-03 7.57575757575758d-03 7.57575757575758d-03 7.57575757575758d-03 7.57575757575758d-03 7.57575757575758d-03 7.57575757575758d-03 7.57575757575758d-03 7.57575757575758d-03 7.57575757575758d-03 7.57575757575758d-03
#
# co55
7.57575757575758d-03 7.57575757575758d-03 7.57575757575758d-03 7.57575757575758d-03 7.57575757575758d-03 7.57575757575758d-03 7.57575757575758d-03 7.57575757575758d-03 7.57575757575758d-03 7.57575757575758d-03 7.57575757575758d-03 7.57575757575758d-03 7.57575757575758d-03 7.57575757575758d-03 7.57575757575758d-03 7.57575757575758d-03
#
# co56
7.57575757575758d-03 7.57575757575758d-03 7.57575757575758d-03 7.57575757575758d-03 7.57575757575758d-03 7.57575757575758d-03 7.57575757575758d-03 7.57575757575758d-03 7.57575757575758d-03 7.57575757575758d-03 7.57575757575758d-03 7.57575757575758d-03 7.57575757575758d-03 7.57575757575758d-03 7.57575757575758d-03 7.57575757575758d-03
#
# co57
7.57575757575758d-03 7.57575757575758d-03 7.57575757575758d-03 7.57575757575758d-03 7.57575757575758d-03 7.57575757575758d-03 7.57575757575758d-03 7.57575757575758d-03 7.57575757575758d-03 7.57575757575758d-03 7.57575757575758d-03 7.57575757575758d-03 7.57575757575758d-03 7.57575757575758d-03 7.57575757575758d-03 7.57575757575758d-03
#
# co58
7.57575757575758d-03 7.57575757575758d-03 7.57575757575758d-03 7.57575757575758d-03 7.57575757575758d-03 7.57575757575758d-03 7.57575757575758d-03 7.57575757575758d-03 7.57575757575758d-03 7.57575757575758d-03 7.57575757575758d-03 7.57575757575758d-03 7.57575757575758d-03 7.57575757575758d-03 7.57575757575758d-03 7.57575757575758d-03
#
# ni54
7.57575757575758d-03 7.57575757575758d-03 7.57575757575758d-03 7.57575757575758d-03 7.57575757575758d-03 7.57575757575758d-03 7.57575757575758d-03 7.57575757575758d-03 7.57575757575758d-03 7.57575757575758d-03 7.57575757575758d-03 7.57575757575758d-03 7.57575757575758d-03 7.57575757575758d-03 7.57575757575758d-03 7.57575757575758d-03
#
# ni55
7.57575757575758d-03 7.57575757575758d-03 7.57575757575758d-03 7.57575757575758d-03 7.57575757575758d-03 7.57575757575758d-03 7.57575757575758d-03 7.57575757575758d-03 7.57575757575758d-03 7.57575757575758d-03 7.57575757575758d-03 7.57575757575758d-03 7.57575757575758d-03 7.57575757575758d-03 7.57575757575758d-03 7.57575757575758d-03
#
# ni56
7.57575757575758d-03 7.57575757575758d-03 7.57575757575758d-03 7.57575757575758d-03 7.57575757575758d-03 7.57575757575758d-03 7.57575757575758d-03 7.57575757575758d-03 7.57575757575758d-03 7.57575757575758d-03 7.57575757575758d-03 7.57575757575758d-03 7.57575757575758d-03 7.57575757575758d-03 7.57575757575758d-03 7.57575757575758d-03
#
# ni57
7.57575757575758d-03 7.57575757575758d-03 7.57575757575758d-03 7.57575757575758d-03 7.57575757575758d-03 7.57575757575758d-03 7.57575757575758d-03 7.57575757575758d-03 7.57575757575758d-03 7.57575757575758d-03 7.57575757575758d-03 7.57575757575758d-03 7.57575757575758d-03 7.57575757575758d-03 7.57575757575758d-03 7.57575757575758d-03
#
# ni58
7.57575757575758d-03 7.57575757575758d-03 7.57575757575758d-03 7.57575757575758d-03 7.57575757575758d-03 7.57575757575758d-03 7.57575757575758d-03 7.57575757575758d-03 7.57575757575758d-03 7.57575757575758d-03 7.57575757575758d-03 7.57575757575758d-03 7.57575757575758d-03 7.57575757575758d-03 7.57575757575758d-03 7.57575757575758d-03
#
# ni59
7.57575757575758d-03 7.57575757575758d-03 7.57575757575758d-03 7.57575757575758d-03 7.57575757575758d-03 7.57575757575758d-03 7.57575757575758d-03 7.57575757575758d-03 7.57575757575758d-03 7.57575757575758d-03 7.57575757575758d-03 7.57575757575758d-03 7.57575757575758d-03 7.57575757575758d-03 7.57575757575758d-03 7.57575757575758d-03
#
# ni60
7.57575757575758d-03 7.57575757575758d-03 7.57575757575758d-03 7.57575757575758d-03 7.57575757575758d-03 7.57575757575758d-03 7.57575757575758d-03 7.57575757575758d-03 7.57575757575758d-03 7.57575757575758d-03 7.57575757575758d-03 7.57575757575758d-03 7.57575757575758d-03 7.57575757575758d-03 7.57575757575758d-03 7.57575757575758d-03
